5431 171 1
4426 171 1
4681 171 1
324 171 1
727 171 1
4021 171 1
1711 171 1
2096 171 1
2119 171 1
466 171 1
4363 171 1
2848 171 1
4793 171 1
3927 1596 1
2616 1596 1
894 1596 1
1733 1596 1
2208 1596 1
5548 834 1
5198 834 1
207 834 1
1800 3849 1
4424 3849 1
117 2537 1
4714 2537 1
1777 2537 1
2329 2537 1
2051 2537 1
2477 2537 1
3214 2537 1
2430 1330 1
2189 1330 1
819 1330 1
218 1330 1
4147 1330 1
2843 1330 1
1268 1330 1
4248 1330 1
606 1330 1
5409 1330 1
5031 1330 1
1688 1388 1
5235 1388 1
5547 1388 1
5012 1388 1
2125 1388 1
2351 1388 1
5010 502 1
4190 502 1
636 502 1
5401 502 1
2498 3322 1
4275 3322 1
89 3322 1
3072 3322 1
4903 3322 1
3183 3322 1
3885 3322 1
186 3322 1
773 3322 1
2262 3322 1
5351 3322 1
4502 3322 1
3712 2730 1
4126 2730 1
1078 2730 1
5259 4288 1
1912 11 1
2987 11 1
5388 11 1
1756 11 1
1019 11 1
671 11 1
669 11 1
513 11 1
1228 11 1
4442 11 1
3858 11 1
2184 11 1
682 11 1
4135 11 1
2931 11 1
3060 11 1
1370 11 1
405 11 1
421 11 1
3731 11 1
5196 11 1
4544 3716 1
2617 3716 1
3470 3716 1
4951 3716 1
603 3716 1
244 3716 1
2255 3716 1
3737 3716 1
5516 4879 1
3591 4879 1
5368 896 1
2918 896 1
3571 896 1
1421 896 1
675 896 1
2096 896 1
2827 896 1
3239 1229 1
1544 1229 1
2910 1229 1
1931 1229 1
4383 1229 1
919 1229 1
4469 1229 1
4908 1229 1
2648 1229 1
2244 1229 1
3092 1229 1
1510 1229 1
955 1229 1
1199 1229 1
4151 1229 1
2006 1229 1
2037 1229 1
5258 1229 1
3548 1229 1
5561 1229 1
1272 1229 1
2938 1229 1
5155 1229 1
2886 1229 1
3104 1229 1
465 1229 1
3083 1229 1
3743 1639 1
841 1639 1
864 1639 1
2625 1639 1
5557 2478 1
5442 2478 1
1197 2478 1
2334 2478 1
642 2478 1
644 2478 1
911 2478 1
1158 2478 1
1394 2478 1
4723 2478 1
4034 2478 1
4014 2478 1
2113 2478 1
2116 2478 1
1249 2478 1
3200 2478 1
4335 2478 1
3920 2478 1
3247 2478 1
3124 3799 1
4965 3799 1
1706 1995 1
4635 1995 1
1199 1995 1
3072 1995 1
3881 279 1
3685 279 1
2622 279 1
2886 279 1
4105 279 1
265 279 1
1133 578 1
2884 4570 1
1232 4570 1
5575 4570 1
465 4570 1
4266 4570 1
526 4570 1
1081 4570 1
2019 2936 1
3044 2936 1
2680 2936 1
4035 2936 1
1771 2936 1
3029 2936 1
2608 2936 1
676 2970 1
3540 2970 1
2957 2970 1
909 4786 1
3611 4786 1
4174 4786 1
3584 4786 1
2919 4786 1
1827 4786 1
1043 4786 1
4319 2073 1
3436 2073 1
3053 2073 1
4657 2073 1
1080 705 1
4385 705 1
2153 705 1
2278 705 1
2255 705 1
5042 4911 1
4560 4911 1
2640 4911 1
1469 4911 1
3600 3739 1
1020 3739 1
5433 3739 1
1395 3739 1
3455 3739 1
4256 3739 1
598 3739 1
4040 3739 1
2229 3739 1
815 3739 1
5474 3739 1
3786 3739 1
1001 3739 1
4266 3739 1
3005 3739 1
2056 3739 1
2670 3739 1
258 3739 1
1102 3739 1
5059 3739 1
1947 3739 1
214 3739 1
1455 3739 1
5196 3739 1
991 3739 1
3881 3739 1
1603 3739 1
2878 3739 1
281 3739 1
825 3739 1
3043 3739 1
1697 3739 1
4822 3739 1
4613 3739 1
959 3739 1
5167 2579 1
3653 2579 1
469 2579 1
846 2579 1
2100 2579 1
135 2579 1
3517 2579 1
3146 2579 1
4851 2579 1
1720 2579 1
1634 2579 1
5294 2579 1
2130 2579 1
2833 2579 1
2985 2579 1
5107 2579 1
4848 2579 1
5043 2579 1
4774 2579 1
1659 2579 1
2300 2579 1
2700 2579 1
868 2579 1
2851 4418 1
621 4418 1
2302 4418 1
3787 4418 1
851 4418 1
2655 4418 1
34 4383 1
4194 4383 1
4787 4383 1
4109 2260 1
5330 2260 1
415 2260 1
2723 2260 1
4981 4247 1
2252 4247 1
1115 4247 1
2343 4247 1
2668 4247 1
1305 4247 1
1594 4247 1
3152 4247 1
5083 4247 1
4968 4247 1
3844 4113 1
5242 5276 1
2009 5276 1
3249 5276 1
1411 5276 1
760 5276 1
3579 5276 1
3993 5276 1
804 5276 1
3257 5276 1
3067 5276 1
15 5276 1
95 5276 1
2917 5276 1
2319 5276 1
3106 5276 1
3029 1575 1
1804 1575 1
2551 1575 1
4952 4944 1
1610 4944 1
1390 4944 1
671 1644 1
1163 1644 1
186 1644 1
3696 1644 1
327 1644 1
4829 3066 1
758 3066 1
3819 3066 1
3842 3066 1
3955 837 1
2095 837 1
3609 837 1
2724 837 1
3141 3115 1
3336 3115 1
4575 3115 1
146 3115 1
562 3115 1
2384 3115 1
3902 3115 1
730 4429 1
2212 4429 1
1246 4429 1
1532 4429 1
94 2658 1
3207 2658 1
2276 2658 1
330 2658 1
144 2658 1
1391 3435 1
1244 3435 1
2226 3435 1
2398 3435 1
4585 2440 1
3400 2440 1
4668 2440 1
4666 2440 1
2802 2440 1
2563 2425 1
958 2425 1
3298 2425 1
3847 3926 1
146 3926 1
2808 2702 1
2219 2702 1
3177 4123 1
3126 4123 1
1701 4123 1
4923 4123 1
3550 4123 1
1078 4123 1
108 4123 1
224 4123 1
2278 4123 1
5236 4123 1
4853 4123 1
1743 4123 1
947 1365 1
1718 1365 1
916 1365 1
3404 1365 1
4931 1365 1
4203 1365 1
4756 5048 1
4116 5048 1
1607 5048 1
3990 5048 1
5185 5048 1
5035 5048 1
932 5292 1
4552 5292 1
910 3365 1
4811 3365 1
132 3365 1
4637 3365 1
2114 2129 1
4513 4929 1
1677 4929 1
3265 4929 1
3195 4929 1
4046 4929 1
5012 4929 1
3721 5444 1
2842 5444 1
2113 5444 1
3796 5444 1
1495 5444 1
2095 5444 1
3461 4982 1
5118 5501 1
2917 5501 1
1354 5501 1
4846 5501 1
3529 1786 1
5233 1786 1
2650 1786 1
4749 1786 1
3023 1786 1
225 560 1
3334 560 1
3027 560 1
3626 560 1
2202 560 1
869 5531 1
1044 5531 1
926 5531 1
5369 1675 1
2459 1675 1
411 1675 1
1652 241 1
2984 241 1
3780 241 1
4855 3514 1
3261 3514 1
1400 3514 1
409 3514 1
3412 3514 1
136 3514 1
489 3514 1
5035 165 1
3252 165 1
4403 165 1
4633 470 1
486 470 1
1781 470 1
2574 470 1
4632 2328 1
323 2328 1
4078 2328 1
1894 2328 1
5159 2328 1
432 2328 1
2466 2328 1
3850 2328 1
2749 2328 1
4589 2328 1
3481 2328 1
2263 2328 1
771 2328 1
5121 546 1
4665 546 1
4394 546 1
4539 546 1
896 546 1
510 546 1
5068 3039 1
2320 3039 1
3689 3039 1
2515 3039 1
1044 5006 1
336 5006 1
4377 5006 1
4393 5006 1
527 5006 1
1590 5006 1
33 5006 1
5244 5006 1
3712 3063 1
2695 3063 1
1570 3063 1
5117 3063 1
4585 3063 1
2581 3063 1
2553 3063 1
4781 3063 1
4529 3063 1
4345 3063 1
314 3063 1
4208 3063 1
3313 3063 1
2006 3063 1
3957 3063 1
1543 3063 1
2378 3063 1
1941 3063 1
368 3063 1
1476 3063 1
2339 3063 1
905 3063 1
1229 3063 1
251 3063 1
1963 3063 1
5171 3063 1
3620 3063 1
506 3063 1
1096 3063 1
4692 3063 1
5076 3063 1
5446 3063 1
2449 3063 1
4674 3063 1
4757 3063 1
189 5064 1
3408 5064 1
4912 5064 1
2081 5064 1
5581 5064 1
2190 5064 1
4430 5064 1
4572 5064 1
1565 5064 1
4722 5064 1
4500 5064 1
754 4507 1
4960 4507 1
3920 2069 1
2326 71 1
818 71 1
1986 71 1
3306 71 1
1866 71 1
4312 71 1
5416 52 1
1167 52 1
1870 52 1
4455 52 1
4031 4275 1
2062 4275 1
2171 4275 1
2150 4804 1
1495 3897 1
4564 3897 1
5241 664 1
4269 664 1
232 664 1
11 1695 1
2372 4601 1
4657 3035 1
4819 5286 1
373 5286 1
3801 5286 1
498 5286 1
3288 5286 1
2865 5286 1
2053 4809 1
819 4809 1
5443 4809 1
3417 4809 1
4663 4809 1
2545 4345 1
1160 4345 1
407 4345 1
2051 4345 1
4186 4345 1
2635 4961 1
4943 4961 1
449 4961 1
1106 4961 1
1576 4961 1
1750 4961 1
3244 4961 1
515 4961 1
1829 4961 1
4654 4961 1
1919 4961 1
644 4961 1
3898 4961 1
1228 4961 1
2544 4961 1
14 4961 1
5153 4906 1
3918 4906 1
259 5173 1
1109 5173 1
2722 5173 1
3725 5173 1
4157 5173 1
3599 5173 1
1345 3622 1
3542 3622 1
2178 3622 1
5318 3622 1
423 1866 1
4245 1866 1
2509 1866 1
1114 1866 1
2390 1866 1
1622 3922 1
506 3922 1
3032 3922 1
2059 3922 1
4140 3922 1
1922 3922 1
1139 3082 1
103 3082 1
5408 3082 1
366 3082 1
3322 5097 1
4730 5097 1
2144 5097 1
2088 5097 1
3250 5097 1
5328 5097 1
5079 5097 1
4016 5097 1
1524 5274 1
1028 5274 1
5297 837 1
976 837 1
4086 837 1
1713 837 1
1617 837 1
4845 3603 1
4382 3603 1
2488 3603 1
3364 5155 1
4558 5155 1
3317 5155 1
422 5155 1
1578 5155 1
3536 5155 1
1001 5155 1
5370 5155 1
4641 5155 1
1315 5155 1
1934 5155 1
2729 5155 1
5527 5155 1
3283 5155 1
1455 5155 1
53 4870 1
1739 4870 1
1298 4776 1
5373 4776 1
2816 4776 1
4361 4776 1
3157 4776 1
2943 4776 1
2944 4776 1
3307 4776 1
4231 1633 1
4243 1633 1
2976 489 1
4954 489 1
2624 489 1
3754 489 1
3445 489 1
2647 489 1
3322 489 1
2952 489 1
882 2959 1
2802 2959 1
2499 2959 1
4742 2959 1
4054 2959 1
214 2959 1
417 2959 1
2484 2959 1
2011 3362 1
780 3371 1
5418 3371 1
4673 3371 1
1255 3371 1
4939 3371 1
4513 3371 1
4129 3371 1
5409 3371 1
170 3371 1
4533 3371 1
2704 3371 1
4731 3371 1
4021 3371 1
133 2522 1
2825 2522 1
2253 2522 1
311 3360 1
4038 1770 1
3870 1770 1
3524 1770 1
5586 1770 1
1033 5103 1
2467 5103 1
1244 5103 1
2441 5103 1
4874 5103 1
5490 5103 1
3170 5103 1
2792 5103 1
2987 5103 1
513 5103 1
3173 5103 1
1110 5103 1
3846 5103 1
624 5103 1
5264 4145 1
3366 4145 1
1199 4145 1
2671 4145 1
3106 4145 1
1958 4145 1
973 4145 1
4919 4145 1
4624 4145 1
2932 4781 1
3026 4781 1
2135 4781 1
2819 4781 1
2758 4781 1
3797 4781 1
4123 4781 1
185 4781 1
1032 4781 1
2744 4781 1
570 4781 1
53 4781 1
4579 4781 1
1896 4781 1
1606 4781 1
3785 4781 1
4342 4781 1
3781 4781 1
637 4781 1
5403 4781 1
2315 4781 1
323 4781 1
1820 4781 1
4173 4781 1
1918 4781 1
495 4781 1
3779 4781 1
208 4781 1
274 4781 1
375 1757 1
4156 1757 1
351 1757 1
2694 1757 1
3855 1757 1
2203 1757 1
2999 67 1
4639 67 1
2148 67 1
4517 3849 1
2375 642 1
1601 642 1
5035 2258 1
1863 2258 1
226 2258 1
3804 2258 1
2650 5022 1
3043 2970 1
2388 2970 1
1391 2970 1
2981 2970 1
408 2970 1
4598 2970 1
5564 2970 1
1381 2970 1
2595 2970 1
4914 2970 1
1589 2970 1
1822 2970 1
2568 2970 1
4698 2970 1
4985 2970 1
712 2970 1
3323 2970 1
5097 2970 1
3632 2599 1
4719 2599 1
4454 2599 1
5572 3359 1
4636 3359 1
4399 3359 1
2484 710 1
4052 710 1
3842 710 1
1452 710 1
2368 710 1
3494 710 1
2672 809 1
4462 809 1
2086 809 1
877 809 1
3903 809 1
2892 809 1
2824 809 1
3987 809 1
5240 809 1
1310 809 1
4296 809 1
3198 809 1
1733 1344 1
1834 1344 1
1682 1344 1
2242 1344 1
2635 1344 1
4922 1344 1
629 1344 1
3709 1344 1
3620 138 1
3237 138 1
332 138 1
4395 138 1
1666 138 1
701 3600 1
3668 3600 1
5341 3600 1
279 3893 1
1078 3893 1
1907 3893 1
3006 3893 1
4017 3893 1
5171 3893 1
1653 3893 1
959 3893 1
118 3893 1
1653 3893 1
5559 3893 1
4439 3893 1
3056 3893 1
2540 3893 1
154 3893 1
4195 3893 1
443 4235 1
4801 4235 1
5420 4235 1
707 4235 1
998 4235 1
1786 1394 1
3949 1394 1
4030 1394 1
3391 1394 1
253 1394 1
2161 1394 1
946 1394 1
1353 5473 1
250 5473 1
2265 3630 1
4345 3630 1
1226 3161 1
1997 3161 1
4735 3161 1
1857 3161 1
5147 3161 1
4965 3161 1
3497 3161 1
4382 3161 1
745 3161 1
3608 3161 1
2715 3161 1
941 3161 1
3716 3161 1
4219 3161 1
1276 4289 1
840 4289 1
5502 4289 1
1743 4289 1
1524 4289 1
5097 4289 1
290 4289 1
366 4289 1
405 4289 1
3676 4289 1
524 4289 1
2112 4289 1
4813 4289 1
2631 4289 1
2058 3406 1
5117 3406 1
1502 3406 1
5249 3406 1
3834 2880 1
373 2880 1
2878 2880 1
1318 5373 1
1961 5373 1
3082 3559 1
1364 3559 1
46 3559 1
2078 3559 1
1559 3559 1
2250 3559 1
2062 3559 1
2404 3559 1
1392 2113 1
4087 2113 1
1026 25 1
2513 25 1
1759 25 1
2625 25 1
3346 25 1
4845 4305 1
911 4305 1
2796 4305 1
3514 4305 1
1700 4305 1
1103 93 1
2335 93 1
3079 93 1
2948 93 1
5475 93 1
234 93 1
278 4823 1
1563 4823 1
5527 2223 1
3445 2223 1
5129 1417 1
319 1417 1
2764 1417 1
5347 3016 1
3359 3016 1
3449 3016 1
5554 3016 1
2746 3016 1
3237 3016 1
3622 3016 1
341 2989 1
1471 2989 1
2143 2989 1
4753 2989 1
2118 2625 1
2592 2625 1
2982 2625 1
1266 2625 1
5395 2625 1
3444 2625 1
1305 4191 1
3189 4191 1
2189 4191 1
2216 4191 1
2055 4191 1
4282 4979 1
3340 4979 1
638 4979 1
2125 4979 1
4599 4979 1
3715 4979 1
5023 3146 1
3774 3146 1
1795 3146 1
1035 3146 1
1175 3146 1
2352 3912 1
4740 3912 1
3536 3912 1
3237 3912 1
2424 3912 1
5333 3912 1
3778 3912 1
3238 3912 1
2273 3912 1
5292 3912 1
182 3912 1
3239 3912 1
1119 3912 1
393 3912 1
2401 2602 1
5316 2602 1
4532 2070 1
964 2070 1
3411 2070 1
2975 2070 1
1380 2070 1
2077 2315 1
3278 2315 1
1964 4803 1
3157 4803 1
561 4803 1
4214 4803 1
3305 4803 1
2430 4803 1
1543 4803 1
5441 4803 1
2771 4803 1
3209 4803 1
4650 4803 1
3415 4803 1
3709 4803 1
1116 4803 1
3338 4803 1
425 4803 1
3512 4803 1
436 4803 1
299 4803 1
535 4803 1
1599 4803 1
4218 4803 1
5590 1492 1
2365 1492 1
4284 1492 1
5035 1492 1
1423 1492 1
3453 815 1
1213 815 1
1063 815 1
2529 815 1
4735 5384 1
3807 5384 1
3849 4057 1
674 4057 1
1293 4057 1
4990 4057 1
2085 1169 1
407 1169 1
2553 1169 1
2585 1169 1
4401 1169 1
2775 4249 1
1249 4249 1
4895 4249 1
3333 4249 1
2125 4249 1
967 4249 1
569 4249 1
425 4249 1
1634 4249 1
4231 4249 1
4762 4249 1
2293 4249 1
774 43 1
4711 5483 1
2615 5483 1
4823 4255 1
3841 4255 1
2723 4255 1
3307 3398 1
1954 3398 1
1858 184 1
4080 315 1
2692 315 1
1720 315 1
1218 315 1
4625 315 1
2491 315 1
535 315 1
3817 315 1
1660 605 1
3902 605 1
1080 605 1
1741 5514 1
4791 5514 1
4202 5514 1
814 3314 1
3732 3314 1
1490 2260 1
594 2260 1
1889 2260 1
1172 2260 1
5319 2260 1
1044 2260 1
2432 2260 1
5551 2260 1
4475 2260 1
5115 2260 1
461 2260 1
1119 2260 1
3630 2260 1
4533 2260 1
1105 2260 1
3667 2260 1
5343 2260 1
788 2260 1
994 2260 1
956 2260 1
2795 2260 1
3988 2682 1
3414 2682 1
3942 2682 1
990 2682 1
2187 746 1
4403 746 1
4458 746 1
4727 746 1
775 746 1
2438 746 1
3212 746 1
4338 3924 1
4657 3924 1
3310 3924 1
5443 3924 1
1770 3924 1
2249 3924 1
3597 3924 1
2368 3924 1
3847 3924 1
3885 2722 1
5467 2722 1
1508 2722 1
5573 2722 1
405 2722 1
1471 2722 1
5092 2722 1
3950 2722 1
4766 2722 1
2218 2722 1
3873 2722 1
1985 2722 1
1272 2722 1
2435 2722 1
4851 2722 1
2696 2722 1
4878 2722 1
5511 2722 1
3878 2722 1
1214 2722 1
3249 2722 1
1426 2722 1
2245 5235 1
1976 5235 1
681 5235 1
377 5235 1
3231 5235 1
3277 5235 1
924 5235 1
4300 3919 1
826 3919 1
5586 3919 1
608 3919 1
5480 3919 1
865 3919 1
2005 3022 1
265 3022 1
2288 3022 1
1888 3022 1
1741 3022 1
5073 3022 1
726 1897 1
2732 1897 1
4906 1897 1
2469 1897 1
1119 1897 1
2995 1897 1
2825 4751 1
5574 4751 1
3186 1127 1
3865 1127 1
173 1127 1
337 1127 1
1269 1127 1
2190 1127 1
3402 1127 1
4373 1127 1
2325 1127 1
882 1127 1
1420 2391 1
2662 2391 1
2275 2391 1
3624 2391 1
4991 2391 1
993 2391 1
1347 2391 1
4358 2391 1
5577 2391 1
4779 2391 1
5316 1168 1
5323 2399 1
3320 2399 1
770 2399 1
3530 2399 1
4622 2399 1
4230 2399 1
1005 2399 1
4863 2399 1
724 1812 1
2885 1812 1
2007 1812 1
910 4640 1
4965 4640 1
2157 4640 1
4049 4640 1
2816 4640 1
2984 4640 1
2297 4640 1
3389 4640 1
1738 4640 1
2775 4640 1
5345 4640 1
298 4640 1
990 4640 1
133 4640 1
2763 4640 1
5581 4640 1
536 4640 1
1949 4640 1
1253 5549 1
2808 5549 1
4262 5549 1
154 5549 1
3940 5549 1
3025 756 1
2109 756 1
331 756 1
4229 756 1
2127 756 1
109 756 1
3872 756 1
375 3459 1
2969 3459 1
1331 3459 1
3103 3459 1
3267 3459 1
3495 3459 1
3564 810 1
4774 810 1
553 5324 1
2811 5324 1
3323 5324 1
4369 5324 1
2941 5324 1
1689 5324 1
2487 5324 1
3221 5324 1
1021 5324 1
2590 5324 1
324 5324 1
87 5324 1
3267 5324 1
158 5324 1
2572 5324 1
2572 5324 1
2603 5324 1
1509 5324 1
309 2965 1
4908 2965 1
5582 2965 1
1988 2965 1
4265 2965 1
5311 1250 1
1804 1250 1
0 1250 1
1900 1250 1
3965 1250 1
393 1250 1
3069 1250 1
3837 1250 1
2379 1250 1
5116 1250 1
4258 1250 1
3528 1250 1
1002 1250 1
5475 1250 1
4398 1250 1
4039 1250 1
1906 1250 1
5050 1250 1
5308 1250 1
2614 2673 1
2526 2673 1
5075 2673 1
4730 2673 1
1485 2673 1
3024 3240 1
3669 3240 1
1265 3240 1
2380 3240 1
2402 3240 1
2592 3240 1
2279 3240 1
1504 3240 1
3580 3240 1
4991 3240 1
5213 3240 1
632 3240 1
5340 3240 1
2950 3240 1
810 3240 1
2383 3240 1
234 3240 1
450 3240 1
41 4434 1
3048 4434 1
4555 4434 1
2265 5157 1
268 5157 1
2080 5157 1
1993 5157 1
1805 5157 1
4031 5183 1
2958 5183 1
3344 5183 1
4560 3300 1
2929 3300 1
1954 3360 1
476 3360 1
2787 1643 1
939 1643 1
604 2982 1
2606 2982 1
525 2982 1
4520 2982 1
4219 2982 1
3807 2982 1
5166 2982 1
1302 1587 1
5240 1587 1
4713 1472 1
2030 1472 1
4656 1472 1
2843 1472 1
53 1472 1
1282 1472 1
968 1472 1
1733 1472 1
1299 1472 1
4640 1472 1
3299 1908 1
4165 1908 1
3345 1908 1
3954 1908 1
3191 1908 1
2386 1908 1
2101 1908 1
3831 1908 1
1073 1908 1
1984 1908 1
1560 1908 1
1163 1908 1
3881 1908 1
1695 1908 1
1191 1908 1
437 1908 1
4460 1908 1
3321 1908 1
168 1908 1
1868 1908 1
4313 1908 1
2167 1908 1
3383 1908 1
947 1908 1
885 1908 1
3014 1908 1
1219 1908 1
4869 1908 1
2250 1908 1
2574 1908 1
4028 1908 1
4471 1908 1
1262 1908 1
3233 1908 1
3833 1362 1
1270 1362 1
4118 1362 1
5208 1362 1
310 1362 1
3186 1362 1
4117 1362 1
3577 1362 1
1875 1362 1
5380 3404 1
1382 3404 1
4965 3404 1
5586 3404 1
3531 3404 1
4301 3404 1
3552 3404 1
5549 326 1
1553 326 1
3623 326 1
4305 4678 1
1626 4678 1
2082 4678 1
2467 4678 1
2712 4678 1
5246 4678 1
3672 2121 1
1036 2121 1
1055 2121 1
1691 2121 1
3221 2618 1
3380 2618 1
4888 2618 1
5201 2618 1
1063 3716 1
2450 3716 1
4679 3716 1
5508 3716 1
227 3716 1
3573 3716 1
5276 3716 1
994 2398 1
343 2398 1
4666 3688 1
673 3688 1
5055 3688 1
5137 3688 1
1558 3688 1
1853 3688 1
2020 3688 1
3158 3688 1
3515 3688 1
209 3688 1
1072 3688 1
2669 3688 1
4098 4048 1
456 4048 1
1907 4048 1
2547 4048 1
4675 1968 1
5496 1968 1
3443 4250 1
2898 4250 1
4757 4250 1
3068 4250 1
756 4250 1
3193 4250 1
4578 4250 1
3197 4250 1
870 4250 1
657 4250 1
444 4250 1
2108 4250 1
1917 4250 1
1956 4250 1
2762 416 1
650 416 1
278 416 1
4727 416 1
1324 277 1
3907 2163 1
4070 2163 1
2010 2163 1
1663 2163 1
4718 2163 1
1448 2163 1
4986 2507 1
140 2507 1
5579 5261 1
2304 2736 1
4155 2736 1
943 2736 1
5304 2736 1
1634 2736 1
567 2736 1
460 2736 1
1797 579 1
878 579 1
2630 579 1
2176 579 1
4025 579 1
4724 983 1
4767 983 1
2570 983 1
881 983 1
2891 983 1
997 983 1
2283 983 1
4757 983 1
5442 983 1
4036 983 1
1031 983 1
1258 983 1
5252 983 1
185 983 1
4777 983 1
4912 983 1
4376 983 1
1577 983 1
1450 983 1
2029 983 1
1806 983 1
3868 983 1
1738 983 1
5283 983 1
698 2216 1
3431 2216 1
4359 2216 1
1856 2216 1
1119 2216 1
2524 2216 1
5575 2003 1
1951 2003 1
1807 2003 1
2963 2003 1
3005 2003 1
1872 2003 1
3030 2003 1
4051 2003 1
2314 2029 1
1776 2029 1
2310 2029 1
3377 2029 1
4760 2029 1
2913 2029 1
2199 3170 1
1704 3170 1
2708 1419 1
3300 3068 1
2346 3068 1
1845 2134 1
2405 2134 1
911 3897 1
2654 3897 1
2065 3897 1
376 3897 1
5315 3897 1
5285 3897 1
4061 3897 1
4149 3897 1
2568 3897 1
91 3897 1
4036 3897 1
1763 3897 1
1399 3897 1
4120 3897 1
1797 3897 1
3426 4823 1
4204 4823 1
5370 2354 1
1973 2354 1
1394 4034 1
5403 4034 1
3869 4034 1
4537 4034 1
4672 4034 1
2277 4034 1
4014 4034 1
3977 4034 1
4452 4034 1
1212 4034 1
4233 4034 1
4969 4034 1
5548 4034 1
3708 4034 1
4625 4034 1
84 4034 1
2708 4034 1
1478 4034 1
4772 4034 1
4643 4034 1
3744 4034 1
1392 4034 1
2298 4034 1
2761 3288 1
923 3902 1
4331 3902 1
1905 3902 1
3547 3902 1
1460 3902 1
1297 3902 1
1838 3902 1
2366 3902 1
4223 3902 1
1693 3902 1
2925 3902 1
4734 635 1
3703 635 1
4719 635 1
1261 635 1
4456 635 1
4451 635 1
2582 635 1
5246 635 1
3243 635 1
3777 635 1
4390 635 1
3519 635 1
3362 635 1
1167 635 1
1175 635 1
2569 635 1
5055 635 1
4904 635 1
3009 635 1
1284 635 1
1252 2565 1
4732 2565 1
5123 2565 1
4813 2565 1
4637 2197 1
3856 2197 1
4211 2197 1
4822 2197 1
3726 2197 1
177 2197 1
1698 2197 1
1806 2197 1
3475 2197 1
1996 2197 1
1056 2197 1
192 2197 1
1076 2197 1
2056 2197 1
3325 2197 1
3004 2197 1
2963 2197 1
2643 2197 1
4097 2197 1
1379 2197 1
5210 2197 1
1416 2197 1
4943 2197 1
3055 2197 1
711 2197 1
2161 2197 1
2973 2197 1
250 2197 1
230 2197 1
5441 2197 1
2543 2197 1
3261 2197 1
481 2197 1
4586 2197 1
5468 2197 1
3157 2197 1
1629 2197 1
2740 2197 1
2170 2197 1
3164 2197 1
2366 2197 1
2032 2197 1
1213 2769 1
5073 2769 1
384 2769 1
1282 5122 1
2373 5122 1
1881 5122 1
51 5122 1
2997 5122 1
4884 5122 1
81 5122 1
4405 5122 1
3022 5122 1
4609 5122 1
952 5122 1
228 5122 1
2944 5122 1
342 5122 1
3365 5122 1
810 5122 1
2349 5122 1
1203 5122 1
544 5122 1
3355 4759 1
2778 4759 1
4342 4759 1
3523 4759 1
2262 4759 1
3248 4759 1
1164 4759 1
4303 4759 1
1812 4759 1
2874 4759 1
2800 4759 1
4577 4759 1
2538 4759 1
3551 4759 1
4084 4759 1
1035 4759 1
3645 4759 1
3324 4759 1
1767 4759 1
4182 4759 1
1909 4759 1
3954 4759 1
2525 4759 1
5590 4759 1
1739 4759 1
5506 4759 1
1987 4759 1
5482 4759 1
2425 4759 1
1505 4759 1
4639 4759 1
1236 1939 1
1162 1939 1
3105 1939 1
1246 1939 1
1783 1939 1
4421 1939 1
3461 1939 1
4040 1939 1
4429 4005 1
3255 4005 1
5454 4005 1
3029 4005 1
5211 4005 1
4013 4005 1
994 4005 1
1044 4005 1
1254 4005 1
3986 4005 1
4668 4005 1
4908 4432 1
1602 4432 1
432 4432 1
1536 4432 1
3670 4432 1
771 4432 1
3625 1655 1
4359 1655 1
555 4027 1
4086 4027 1
5136 4027 1
5475 4027 1
3817 4027 1
3680 4027 1
707 5257 1
2572 5257 1
2997 5257 1
1062 5257 1
4383 5257 1
2926 5257 1
3566 5257 1
2605 5257 1
5104 5257 1
445 5257 1
1725 5257 1
5020 5257 1
1248 5257 1
2696 5257 1
506 5257 1
2847 5257 1
5280 5257 1
3148 298 1
1830 298 1
1133 298 1
3505 298 1
1275 298 1
5134 298 1
770 5317 1
1321 5317 1
4359 5317 1
1033 5317 1
3707 5317 1
2152 5317 1
754 5317 1
3805 5317 1
4330 5317 1
5011 3073 1
455 3073 1
4740 3073 1
3487 633 1
348 633 1
53 633 1
3100 633 1
4891 633 1
5029 3947 1
1886 3947 1
1792 2024 1
2520 2024 1
5438 2024 1
19 2024 1
629 2024 1
5442 2024 1
1471 2024 1
4643 2024 1
2978 2024 1
2631 2024 1
4321 2024 1
691 1041 1
4974 1041 1
2837 1041 1
2595 1041 1
3946 1041 1
3896 1041 1
736 1041 1
2875 3613 1
244 3613 1
3057 3613 1
716 3613 1
3381 3182 1
2327 3182 1
4260 3182 1
283 1886 1
5550 1667 1
2043 1667 1
2695 1667 1
1550 1667 1
611 1667 1
3821 1667 1
2690 1667 1
2355 1667 1
3158 1667 1
3775 1667 1
5010 2970 1
3053 2970 1
2394 2970 1
5589 4215 1
1882 2051 1
1359 2051 1
5249 2051 1
136 2051 1
1509 2051 1
2393 2051 1
2480 2051 1
1055 2051 1
3059 2051 1
1602 2051 1
1289 294 1
5399 294 1
1802 294 1
550 294 1
1095 294 1
5236 5345 1
344 5345 1
1035 5345 1
4795 4853 1
2028 4853 1
1499 4853 1
1841 5286 1
5179 5286 1
5156 5286 1
2352 5286 1
909 5286 1
4351 5286 1
3287 5286 1
5008 5286 1
3777 5286 1
4600 5286 1
518 5286 1
3961 5286 1
4487 5286 1
5225 5286 1
4142 5286 1
251 5286 1
4079 5286 1
4868 5286 1
3968 5507 1
3155 5507 1
4202 5507 1
2010 3379 1
2607 3379 1
1504 3379 1
152 121 1
1135 1646 1
1506 1274 1
4961 1274 1
748 1274 1
549 1274 1
117 2059 1
5261 2059 1
204 2357 1
2273 2357 1
1214 2357 1
1065 2357 1
930 2357 1
1432 2357 1
2699 2357 1
3037 2357 1
5390 2748 1
4544 2748 1
1708 2748 1
5099 2748 1
4740 1409 1
1965 4139 1
4540 4139 1
2950 4139 1
2345 1697 1
1081 1697 1
4749 1697 1
3467 1697 1
2343 1697 1
1789 1697 1
172 1697 1
2095 4217 1
5310 4217 1
3099 4217 1
1014 4217 1
3618 4217 1
564 854 1
5008 854 1
4045 854 1
4952 3216 1
4490 3216 1
4795 3216 1
1149 3216 1
3754 3216 1
2377 3216 1
1180 4674 1
2101 4674 1
3150 4674 1
3573 4674 1
4549 4674 1
4838 4674 1
1633 4674 1
5505 4674 1
2946 4674 1
770 4674 1
2120 4674 1
2091 4674 1
3286 4674 1
2230 4674 1
259 4674 1
70 4674 1
248 4674 1
5582 2696 1
608 2696 1
5302 2696 1
5213 2696 1
1114 2696 1
1666 2696 1
206 2696 1
2381 2696 1
5457 2696 1
4943 2696 1
1810 2696 1
4733 2696 1
2790 2696 1
5090 2696 1
4312 2696 1
3686 2696 1
1028 2696 1
5433 2696 1
4910 2696 1
1260 2696 1
418 2696 1
5424 2696 1
2635 2696 1
1491 2696 1
2957 2696 1
1614 2696 1
1706 2696 1
3043 2696 1
4753 2696 1
2257 2696 1
1417 2696 1
1102 2696 1
939 2696 1
5462 2696 1
3633 2696 1
858 2696 1
5354 2696 1
537 2696 1
5357 2696 1
5475 2696 1
4283 2696 1
4596 2696 1
4385 2696 1
927 2696 1
5262 215 1
3330 215 1
1859 215 1
289 2438 1
4988 2438 1
2048 2438 1
3522 2438 1
4511 2438 1
5282 2438 1
371 2438 1
4735 2438 1
584 2438 1
76 2438 1
1809 2438 1
119 2438 1
3680 2438 1
2929 1294 1
2477 1294 1
4189 1294 1
1280 2249 1
2925 2249 1
4932 5088 1
1282 5088 1
3416 5088 1
2274 5088 1
4171 5088 1
1626 5088 1
4711 5088 1
3029 5088 1
5314 5088 1
3878 5088 1
2208 3701 1
4642 3701 1
2454 3701 1
5103 3701 1
3068 3701 1
4079 3701 1
4135 3701 1
3160 3701 1
834 3701 1
4008 3701 1
1418 3701 1
4696 3701 1
3351 3701 1
603 3701 1
1768 3701 1
4934 2976 1
2465 2976 1
4108 2976 1
2099 2976 1
260 2976 1
2031 2152 1
2959 1729 1
4757 1729 1
833 3039 1
1904 3039 1
3408 3039 1
1585 3039 1
2817 3039 1
4641 3039 1
3061 4661 1
1623 4661 1
3538 4661 1
3252 4661 1
1831 4661 1
1621 4661 1
3792 3406 1
3851 3406 1
2247 3406 1
4458 3406 1
1829 1094 1
1561 3855 1
3759 3855 1
151 3855 1
111 3855 1
3424 3855 1
1319 2327 1
241 2327 1
5218 2327 1
3824 2327 1
1455 3453 1
3364 3453 1
5004 3453 1
3485 3453 1
4116 3453 1
1097 3453 1
5170 3453 1
1334 3453 1
3307 3453 1
2587 3453 1
2008 3453 1
869 3453 1
1717 2186 1
4702 2186 1
1220 2186 1
5115 2186 1
1001 657 1
3139 657 1
1865 657 1
3920 657 1
731 657 1
5533 657 1
1383 4216 1
414 4216 1
3128 1969 1
75 3339 1
3009 3339 1
3431 3339 1
3096 3339 1
2926 3959 1
2434 3959 1
3369 3959 1
350 3959 1
3779 3959 1
2109 3959 1
2643 3959 1
3383 3959 1
2335 1532 1
2376 1532 1
4395 3564 1
696 3564 1
2676 3290 1
4288 3290 1
1261 3290 1
4254 3290 1
5416 3290 1
1323 3290 1
367 3290 1
3889 3290 1
798 3290 1
1587 3290 1
2021 3290 1
4079 3290 1
5588 2171 1
528 4585 1
2516 4585 1
4833 4585 1
99 4585 1
328 4585 1
3947 4585 1
272 4585 1
3776 4585 1
1366 4585 1
3566 4585 1
2200 4585 1
3653 4030 1
3305 1353 1
1167 1353 1
3843 1353 1
1991 1353 1
4896 1353 1
1049 1353 1
3168 4699 1
839 4699 1
4363 4699 1
4146 4699 1
122 4699 1
5543 1962 1
1123 3872 1
4210 3872 1
4848 3872 1
150 3872 1
836 3872 1
860 3872 1
1841 3872 1
2464 3872 1
4278 3872 1
2048 3872 1
57 3872 1
4462 3872 1
4748 3872 1
525 3872 1
3111 3872 1
1159 3872 1
3245 3872 1
2255 3872 1
804 3872 1
5206 3872 1
1045 3872 1
2604 4334 1
5470 4334 1
2747 4334 1
5027 4334 1
3087 4334 1
5528 4334 1
191 4334 1
2189 4467 1
4047 4467 1
4939 4467 1
686 4467 1
3659 4467 1
1686 4467 1
1822 4467 1
1546 3226 1
1511 3226 1
4136 3226 1
2914 1048 1
1340 1048 1
5470 3645 1
2341 3457 1
5139 3457 1
764 3457 1
3005 3650 1
1813 3650 1
2131 3650 1
2720 3650 1
3854 3650 1
4487 3650 1
2033 3650 1
4146 3650 1
2837 2926 1
926 2926 1
3839 2926 1
4304 2926 1
2137 2926 1
1026 2926 1
1676 2926 1
4268 2926 1
5139 2926 1
1257 2926 1
2800 2926 1
1097 2926 1
3182 2926 1
3479 2926 1
4549 2926 1
994 2926 1
1522 2926 1
677 2926 1
2825 2926 1
5244 2926 1
2951 651 1
4530 651 1
3634 651 1
307 651 1
2927 651 1
3665 651 1
3750 651 1
420 1257 1
749 1257 1
2162 4676 1
2146 4676 1
4778 4676 1
3339 4676 1
3340 994 1
5570 994 1
5042 4516 1
4794 4516 1
3627 4516 1
708 4516 1
5338 4516 1
5093 4516 1
83 4516 1
3554 4516 1
3444 5588 1
5190 5588 1
3759 16 1
4953 16 1
4815 16 1
932 16 1
175 16 1
1845 16 1
2296 3068 1
2649 4554 1
5342 4554 1
5555 4554 1
3546 4554 1
1238 4554 1
3252 2762 1
864 2762 1
5520 2762 1
5453 2762 1
2316 2762 1
1459 2762 1
1459 4917 1
3391 4917 1
1374 4917 1
4122 4917 1
4273 2133 1
1805 3972 1
922 3972 1
2604 3972 1
473 3055 1
456 3055 1
686 3055 1
4668 3055 1
3554 3055 1
1071 3055 1
1289 3055 1
4205 3055 1
2775 5231 1
3819 5231 1
3137 5231 1
3697 5231 1
436 1670 1
5408 2793 1
1611 2793 1
1867 5106 1
2408 5106 1
2509 3065 1
3581 5315 1
5497 5315 1
3164 5315 1
4486 5315 1
221 5315 1
3307 5315 1
2413 5315 1
3539 5315 1
1339 5315 1
4882 5315 1
5071 5315 1
2318 5315 1
2702 5315 1
2376 2562 1
3805 3003 1
5419 3003 1
1342 3003 1
40 3003 1
710 3003 1
3300 3003 1
826 4633 1
556 4633 1
4370 4633 1
4578 4633 1
5152 4633 1
902 4812 1
2142 4812 1
5165 4812 1
2655 4812 1
5036 4812 1
929 3567 1
3658 5407 1
4633 5407 1
4347 5407 1
4759 5407 1
2247 5407 1
1332 5407 1
788 5407 1
4058 5407 1
4303 5407 1
3842 5407 1
4280 5407 1
1171 1915 1
1615 1915 1
5544 1915 1
230 1915 1
1949 2546 1
4951 2546 1
5403 2546 1
3122 2546 1
4408 4936 1
2015 4936 1
541 4936 1
4200 4936 1
2491 4936 1
2493 4936 1
2885 4936 1
954 4936 1
3920 4936 1
752 4936 1
3442 4936 1
5369 4936 1
4769 4936 1
2693 4936 1
1609 4936 1
604 2049 1
502 2049 1
3743 2049 1
992 2049 1
2846 2049 1
1506 2049 1
2411 2049 1
88 5046 1
249 5046 1
3339 5046 1
353 5046 1
2623 5046 1
815 5046 1
5109 5046 1
230 5046 1
2616 5046 1
5227 5046 1
2387 5046 1
3667 5046 1
4756 5046 1
1503 2953 1
3123 2953 1
1797 2953 1
5438 2108 1
553 2108 1
4704 1826 1
1114 1826 1
5304 1826 1
2469 1826 1
2315 1826 1
2096 1826 1
2521 1826 1
607 1826 1
1595 1826 1
3839 1826 1
5229 1826 1
2671 1826 1
4875 1826 1
3419 1826 1
2301 1826 1
1327 1826 1
1537 1826 1
1407 1826 1
5108 1826 1
283 1826 1
1552 1826 1
2870 1826 1
4192 1826 1
303 1826 1
428 1826 1
1500 1826 1
3873 1826 1
3988 1826 1
3145 1826 1
2202 1826 1
4372 1826 1
2675 1826 1
3931 1826 1
863 1826 1
5480 1826 1
2695 1826 1
2369 1826 1
85 1826 1
832 1826 1
5068 1826 1
3089 1826 1
3585 1826 1
1982 1826 1
4463 1826 1
4224 1826 1
3537 1826 1
3223 1826 1
2588 3096 1
5196 3096 1
4219 4522 1
4131 4522 1
4161 4522 1
2663 5225 1
1125 5225 1
3206 5001 1
1454 5001 1
775 5001 1
4284 1144 1
4218 1144 1
2073 1144 1
4653 1144 1
874 951 1
4465 951 1
4836 951 1
2087 951 1
5183 951 1
3073 951 1
5200 951 1
5572 1004 1
301 1679 1
3544 1679 1
2751 1679 1
4848 1679 1
1821 1679 1
1408 4008 1
786 4008 1
3726 4008 1
1680 4008 1
2 4008 1
4241 2125 1
4592 2125 1
234 2125 1
4829 2125 1
3187 2125 1
3018 2125 1
3336 2125 1
5459 2125 1
4131 2125 1
1426 2125 1
4086 2125 1
1506 2125 1
573 2125 1
4797 2125 1
1496 2125 1
862 2125 1
1910 2125 1
71 2125 1
2728 2125 1
3717 2125 1
2036 2125 1
1789 5588 1
3880 5588 1
12 5588 1
5304 5588 1
3634 5588 1
2633 5588 1
5511 965 1
1162 965 1
1583 965 1
3020 965 1
1021 965 1
832 965 1
3032 965 1
2551 965 1
2376 965 1
3009 668 1
4263 668 1
1670 668 1
953 668 1
4553 668 1
2319 668 1
213 668 1
5429 668 1
3346 668 1
3833 786 1
4854 786 1
376 786 1
1159 786 1
3949 786 1
1921 3591 1
3915 3591 1
490 2524 1
605 2524 1
1865 2524 1
5444 570 1
4626 570 1
766 570 1
4068 570 1
3187 820 1
4407 820 1
1073 820 1
63 820 1
5192 820 1
4382 820 1
4111 820 1
342 820 1
2987 820 1
3165 820 1
4867 3002 1
3562 3002 1
3684 1913 1
1591 1913 1
685 1913 1
2983 1913 1
3783 1913 1
3096 1913 1
822 1913 1
644 1913 1
4362 1913 1
1632 1913 1
2960 1913 1
5278 1913 1
1706 1913 1
1240 5153 1
640 2971 1
2946 2971 1
1951 2971 1
1697 2971 1
5389 2971 1
5248 2971 1
4313 948 1
5114 948 1
4250 948 1
3823 5130 1
4127 5130 1
5292 5130 1
3388 5130 1
4832 121 1
117 121 1
5275 121 1
5355 121 1
2266 121 1
2490 121 1
2523 121 1
969 121 1
4460 4759 1
3583 4759 1
3126 4759 1
2994 4759 1
3597 4759 1
2703 4759 1
1422 4759 1
5058 4759 1
2488 2008 1
261 2008 1
2604 2008 1
3257 2008 1
351 265 1
2663 265 1
3421 265 1
677 265 1
5591 265 1
172 265 1
5415 772 1
3796 772 1
441 772 1
1844 3828 1
4054 3828 1
368 3828 1
898 3828 1
2034 3828 1
2557 3828 1
4329 3828 1
4995 5065 1
1435 5065 1
3548 5065 1
4621 5065 1
4378 5065 1
1759 5065 1
720 5065 1
3704 5065 1
614 5065 1
1032 1753 1
2556 1753 1
4360 1753 1
2447 1753 1
3668 1753 1
1285 1753 1
4550 1753 1
4800 1753 1
4452 1753 1
2893 2366 1
1434 2366 1
4673 2366 1
1114 2366 1
3066 2366 1
1238 2366 1
3628 2366 1
725 2366 1
3070 2632 1
1240 2632 1
302 2632 1
4696 2632 1
4753 2632 1
3407 2632 1
1436 2632 1
3093 2632 1
2097 2632 1
1293 2632 1
1290 2632 1
664 2632 1
5385 2632 1
791 2632 1
2841 2632 1
1327 2632 1
338 2632 1
5397 2632 1
386 842 1
4621 842 1
5526 842 1
4714 842 1
1960 4347 1
2787 4347 1
605 4347 1
3161 2064 1
3429 2064 1
358 2064 1
3631 2064 1
1813 2064 1
5254 153 1
449 2419 1
3865 2000 1
1924 2000 1
3691 2000 1
2959 4674 1
4254 4674 1
237 5036 1
5114 5036 1
2151 5036 1
2872 5036 1
4341 72 1
4060 72 1
1550 72 1
5294 72 1
4950 3058 1
2956 3058 1
5337 3058 1
5254 3058 1
2561 3058 1
5392 3058 1
1822 3058 1
513 3058 1
4165 3058 1
2985 3058 1
1563 3058 1
4508 3058 1
4408 3058 1
5343 3058 1
5239 3058 1
800 3058 1
1170 3058 1
4270 3058 1
3486 3058 1
1159 2877 1
2741 2877 1
2628 2877 1
4449 2877 1
2434 2877 1
4801 2877 1
4167 2877 1
2746 2877 1
744 2877 1
1313 2877 1
4865 2877 1
2063 4158 1
4086 4158 1
131 4158 1
4516 4158 1
4821 4158 1
2670 4158 1
3813 4158 1
1138 4158 1
5205 4158 1
5292 4158 1
1535 2825 1
1224 2825 1
81 2825 1
5099 2825 1
352 2825 1
2811 2825 1
1793 2825 1
4579 2825 1
1746 2825 1
3172 2825 1
2350 2035 1
4806 2035 1
5241 2035 1
416 2035 1
5545 2035 1
2471 2035 1
817 2035 1
462 2035 1
3561 2035 1
4021 2035 1
996 2035 1
5045 2035 1
3276 2035 1
1715 2035 1
1746 1112 1
4551 2870 1
846 2870 1
1132 2870 1
3241 3597 1
245 3597 1
3698 3597 1
2598 3597 1
5093 3597 1
3764 3597 1
3256 2565 1
838 2565 1
4470 2565 1
4853 5470 1
1563 5470 1
4887 5470 1
4183 5470 1
2101 3403 1
4974 3192 1
794 3192 1
647 3192 1
4112 649 1
786 649 1
3764 649 1
4375 649 1
332 649 1
223 649 1
4243 657 1
2198 657 1
3642 657 1
1150 657 1
779 657 1
2947 657 1
3983 657 1
3612 5384 1
1968 5384 1
3050 5384 1
4264 5384 1
1213 5384 1
1798 5384 1
3487 5384 1
4866 5384 1
4108 5384 1
2391 5384 1
3718 5384 1
1797 5384 1
2996 5384 1
1747 5384 1
128 5384 1
1145 5384 1
1204 5384 1
3960 5384 1
4313 5384 1
1131 5384 1
5235 5384 1
3888 616 1
3623 616 1
668 4726 1
181 4726 1
1238 4726 1
464 4726 1
1428 4726 1
736 4726 1
2369 4726 1
3739 4726 1
5215 2326 1
1649 2326 1
3118 2326 1
2112 2326 1
3857 2326 1
174 3975 1
260 3975 1
1177 3975 1
4063 4709 1
2745 4709 1
5577 4709 1
505 4709 1
2565 4709 1
1951 4709 1
783 4709 1
2041 4709 1
5365 4709 1
750 4709 1
2449 4709 1
10 4709 1
2971 4709 1
2244 4709 1
3201 4709 1
700 4709 1
3602 4709 1
698 4709 1
1171 4709 1
34 4709 1
5170 4498 1
4882 4498 1
3452 4498 1
1710 4498 1
2396 4498 1
4789 3209 1
3501 3209 1
612 3209 1
5580 3209 1
2039 3224 1
2954 2370 1
3979 2370 1
1205 2370 1
1916 2370 1
4280 2370 1
5512 2370 1
3738 2370 1
937 3663 1
2862 2328 1
3046 2328 1
2639 2677 1
2703 2677 1
2368 2677 1
2641 2677 1
2617 2454 1
1363 2454 1
3613 66 1
2427 66 1
1477 66 1
2674 66 1
3102 66 1
3859 66 1
1422 66 1
5364 66 1
3897 4226 1
4220 4226 1
4102 4226 1
1497 4226 1
1775 4226 1
2725 4226 1
990 4226 1
1472 1408 1
3020 1408 1
3537 1408 1
1080 1408 1
5494 1408 1
1949 1408 1
1038 1408 1
3981 1408 1
1970 5222 1
3596 5222 1
2282 5222 1
5502 5042 1
4544 5042 1
355 5042 1
2080 5042 1
744 5042 1
4977 5042 1
3839 5042 1
2018 5042 1
2557 3188 1
2573 3188 1
2133 1442 1
3252 1442 1
3148 1442 1
2155 2043 1
1275 2043 1
1573 2043 1
1848 2043 1
3539 2043 1
1030 2043 1
1478 2043 1
5352 2043 1
5376 2043 1
4562 2043 1
937 5249 1
2247 5249 1
3322 5249 1
891 5249 1
929 5249 1
1703 5249 1
3770 5249 1
4888 1588 1
2363 1588 1
951 1588 1
352 1588 1
4329 1588 1
588 2153 1
299 2153 1
4855 2153 1
3728 2153 1
251 2153 1
887 2153 1
4740 2153 1
515 2153 1
1150 2153 1
2810 2153 1
1606 2153 1
1077 2153 1
802 2513 1
3713 2513 1
1051 2513 1
2669 2513 1
4657 2513 1
1762 2513 1
4197 2513 1
1836 2513 1
959 2513 1
3191 3676 1
1878 3676 1
4700 3676 1
1503 3676 1
3591 3676 1
1581 3676 1
3611 3676 1
2190 3676 1
991 3676 1
3836 3676 1
70 4403 1
1914 4403 1
3305 4403 1
391 4403 1
1847 4403 1
2674 5498 1
1612 5498 1
4347 5498 1
4273 5498 1
1910 5498 1
2226 1398 1
4460 1398 1
3994 1398 1
246 1398 1
3633 962 1
2575 962 1
4854 962 1
596 1945 1
1146 1945 1
5505 1945 1
2033 1945 1
1052 1945 1
3084 1945 1
4920 1945 1
2887 1945 1
1665 2815 1
904 642 1
3465 642 1
4331 642 1
614 642 1
3409 642 1
3287 642 1
228 642 1
4076 642 1
1756 642 1
3746 4529 1
1494 4529 1
3117 4529 1
111 4529 1
2602 4529 1
1131 2088 1
1797 2088 1
1849 2088 1
2827 2088 1
890 1587 1
854 1587 1
1607 1587 1
2646 1587 1
3625 1587 1
552 1715 1
4908 1715 1
1270 1715 1
3259 1715 1
1852 1715 1
3231 1715 1
3498 3270 1
1437 3270 1
4306 3270 1
4559 2221 1
5385 3069 1
1099 3069 1
401 3069 1
3842 3069 1
3288 3069 1
280 3069 1
1005 3069 1
1449 3069 1
440 3069 1
517 2435 1
4037 2435 1
1702 169 1
4007 169 1
3265 169 1
1855 169 1
5186 169 1
2924 169 1
322 169 1
381 169 1
357 169 1
992 169 1
1075 169 1
3483 169 1
455 169 1
4283 169 1
3084 169 1
1769 169 1
4351 169 1
2182 169 1
871 169 1
4318 169 1
3657 169 1
2605 169 1
288 169 1
4981 169 1
155 169 1
1068 1779 1
4289 1779 1
2915 1779 1
3647 1779 1
2033 310 1
4097 310 1
1188 310 1
1008 310 1
4772 310 1
4447 310 1
3339 310 1
4101 310 1
156 310 1
4812 310 1
2583 310 1
4416 1954 1
341 1954 1
2146 1954 1
5241 1954 1
3042 1954 1
3740 1954 1
1769 1954 1
5579 1954 1
5067 3495 1
1941 3495 1
5046 3495 1
5008 3495 1
1030 3495 1
823 3495 1
2908 2714 1
886 2714 1
1406 2531 1
3602 2531 1
4836 2531 1
3341 2531 1
1284 3736 1
137 3736 1
3282 3736 1
630 3736 1
5451 656 1
5271 656 1
1538 656 1
2963 656 1
1068 656 1
1509 656 1
1224 656 1
3284 3402 1
2675 3402 1
3189 3402 1
407 3402 1
5551 2441 1
158 2441 1
806 2441 1
2934 2441 1
4277 2441 1
2338 69 1
5462 69 1
4782 69 1
1597 69 1
4344 69 1
642 69 1
3002 69 1
193 69 1
4002 5293 1
2658 5293 1
4092 5293 1
5161 5293 1
3350 5293 1
1323 5293 1
3179 5293 1
970 5293 1
172 5293 1
2454 5293 1
3044 5293 1
2036 5293 1
548 5293 1
1059 5293 1
3124 5293 1
2328 5293 1
4259 2002 1
1458 2002 1
3906 2002 1
5164 2002 1
3337 4013 1
4991 4013 1
5357 4013 1
2012 4013 1
1079 4013 1
3660 4013 1
2170 4013 1
1086 4013 1
4962 1908 1
1640 2634 1
718 2634 1
5230 2634 1
3636 2634 1
4122 2634 1
3290 2634 1
5348 2634 1
5028 1458 1
4659 1458 1
690 3428 1
638 3428 1
1253 3428 1
3669 3428 1
3311 3428 1
946 3428 1
3861 3428 1
118 3428 1
3730 3428 1
3979 3428 1
3946 3428 1
4138 3428 1
4226 3428 1
2723 3428 1
40 3428 1
3918 3428 1
2698 3428 1
3511 3428 1
4031 3428 1
428 3428 1
1019 3428 1
1569 3428 1
954 366 1
4787 366 1
2228 366 1
1620 366 1
5339 366 1
5513 366 1
4694 3649 1
778 3649 1
5043 3649 1
4652 3649 1
1338 3649 1
29 3649 1
4451 3649 1
3669 3649 1
3752 3649 1
5441 3649 1
2150 3649 1
1831 3649 1
2778 3649 1
3997 3649 1
4230 3649 1
2183 3649 1
199 3649 1
3157 3649 1
1808 3649 1
2150 4346 1
2123 4346 1
4945 4346 1
1233 4346 1
3045 4346 1
2256 4346 1
363 4346 1
1781 4346 1
548 4346 1
5221 4346 1
2826 4346 1
5143 4346 1
4806 4346 1
2373 4346 1
1715 2196 1
517 2196 1
1652 2196 1
675 2196 1
50 2196 1
2295 2196 1
5227 2196 1
2495 2196 1
5456 2196 1
4751 2196 1
1900 2196 1
2263 2196 1
658 2196 1
2188 2196 1
4862 2196 1
3499 4818 1
3897 4818 1
5489 4146 1
3198 4297 1
59 4297 1
3995 4297 1
4554 4297 1
2062 4297 1
1460 4297 1
1140 4297 1
4717 4297 1
4867 4297 1
997 4297 1
3679 4297 1
4158 4297 1
4127 4297 1
5358 4297 1
3040 4297 1
3666 4297 1
2243 4297 1
1456 4297 1
2206 4297 1
969 4297 1
314 4297 1
5108 4297 1
5550 4297 1
5513 843 1
3289 843 1
5429 843 1
1420 843 1
1407 843 1
3033 843 1
4292 3193 1
3510 3193 1
214 3193 1
2705 3193 1
1462 3193 1
5394 3037 1
2207 3037 1
3218 3037 1
1722 3037 1
4859 3037 1
2118 3037 1
1443 3037 1
2340 3037 1
3192 253 1
4562 253 1
2111 253 1
2043 253 1
2384 253 1
2724 1617 1
4162 1617 1
4938 1617 1
587 1617 1
595 1617 1
660 1617 1
1562 1617 1
4865 1617 1
4267 1958 1
2767 1958 1
1646 1958 1
1223 1958 1
3351 1958 1
802 1958 1
4971 1958 1
2582 1958 1
3786 1958 1
4415 1958 1
5039 2444 1
1387 2444 1
2850 2444 1
668 2444 1
4117 2444 1
1374 2444 1
631 2444 1
872 2444 1
4385 2444 1
4452 2444 1
3384 2444 1
844 2444 1
4623 2444 1
856 2444 1
3373 2444 1
1109 2444 1
2108 2444 1
5070 2444 1
3545 2444 1
2185 2444 1
961 2444 1
4282 2444 1
1564 325 1
3300 325 1
1309 3379 1
92 3379 1
3063 3379 1
3893 72 1
2537 72 1
3428 72 1
4694 72 1
3468 72 1
4461 991 1
4453 991 1
4174 991 1
1877 991 1
4112 991 1
3946 991 1
2676 991 1
2163 991 1
2071 991 1
726 991 1
1002 991 1
4352 991 1
1338 991 1
3448 1148 1
4210 1148 1
986 1148 1
4026 1148 1
3604 1148 1
1004 1148 1
1038 1148 1
3733 1148 1
2263 1148 1
2749 1148 1
2383 4470 1
1380 4470 1
3873 1455 1
3686 1455 1
2130 1455 1
4795 1240 1
2276 2035 1
2547 2035 1
865 4909 1
2989 4909 1
4042 4909 1
2154 4909 1
3944 5588 1
2407 5588 1
2099 5588 1
1751 5588 1
758 2908 1
3210 2908 1
2496 2060 1
4551 2060 1
1067 2943 1
3250 2943 1
5404 2943 1
5321 2943 1
808 2943 1
3702 2943 1
1274 2943 1
2862 2943 1
3879 2943 1
1880 2943 1
2142 2943 1
5408 2943 1
5053 2943 1
4181 2943 1
4549 2943 1
3083 4506 1
3221 4506 1
3651 4506 1
4332 4506 1
3131 4506 1
5333 4506 1
5060 4506 1
2728 4506 1
3663 4506 1
1450 4506 1
4692 4506 1
2137 4506 1
762 4506 1
2736 4506 1
3068 3175 1
3283 3175 1
2358 2965 1
2161 2965 1
3516 2965 1
4597 3027 1
813 3027 1
2169 3027 1
2180 2330 1
4642 2330 1
329 4026 1
3847 4026 1
2969 4026 1
1142 4026 1
3793 4026 1
1842 4026 1
5130 4026 1
1163 4026 1
5351 4026 1
3473 4026 1
4727 4026 1
3823 4026 1
1043 4026 1
1729 4026 1
2819 4026 1
4599 2203 1
2615 2203 1
2778 2203 1
4458 2203 1
2353 2203 1
5368 2203 1
3396 1959 1
6 1959 1
2807 1959 1
43 1959 1
2388 3426 1
3110 3426 1
992 3426 1
1825 3426 1
3424 4264 1
5026 2157 1
137 2157 1
2681 2157 1
960 2157 1
192 2157 1
30 2157 1
1568 2157 1
1284 2157 1
3140 2157 1
1868 2157 1
2551 2157 1
113 2157 1
1313 2157 1
831 4563 1
2849 4563 1
3810 4563 1
2204 5360 1
4968 5360 1
2448 5360 1
2274 5360 1
130 5360 1
2297 5360 1
2203 5360 1
185 2535 1
2197 2535 1
547 2535 1
5573 2535 1
3663 2535 1
1944 2535 1
1808 2535 1
69 2535 1
2126 2535 1
5238 1341 1
3312 1755 1
3813 1755 1
4166 1755 1
2750 1755 1
4848 1755 1
2286 1755 1
2806 1755 1
2068 1755 1
2127 1755 1
259 1755 1
946 1755 1
2379 1755 1
4050 1755 1
62 1755 1
2473 1755 1
4052 1755 1
4247 1755 1
921 1755 1
5044 1755 1
538 1755 1
3321 4506 1
2977 4506 1
2995 4506 1
2083 4506 1
3445 4506 1
1985 4506 1
1162 4506 1
2551 4506 1
4452 4506 1
3292 4506 1
1737 2421 1
1627 1454 1
3807 1454 1
5521 5528 1
1621 5528 1
159 5528 1
2678 5528 1
1631 5528 1
4161 4902 1
4033 4902 1
1815 4902 1
5135 4902 1
4534 4902 1
3564 107 1
3146 1645 1
1340 2361 1
2337 2361 1
5074 2361 1
5212 2361 1
4199 2361 1
3785 2361 1
928 2361 1
1406 2361 1
785 2361 1
1301 2361 1
4782 2361 1
4123 5301 1
2284 5301 1
5513 5301 1
5220 5301 1
5215 5301 1
3667 5254 1
5259 5254 1
1498 5254 1
920 5254 1
1603 284 1
989 284 1
4909 284 1
3536 284 1
1901 284 1
296 284 1
3570 284 1
3409 284 1
5038 284 1
2040 3833 1
553 2740 1
3587 3028 1
4103 3028 1
5040 2090 1
4360 2090 1
1821 2090 1
590 3321 1
37 3321 1
2295 1411 1
1937 1411 1
1005 1411 1
1582 2818 1
106 2818 1
1210 2818 1
558 1864 1
590 5496 1
1586 5496 1
3197 5496 1
1975 5496 1
3384 5496 1
4223 5496 1
3219 5496 1
1292 5496 1
5521 5496 1
1632 5496 1
4261 5496 1
185 5496 1
1105 5496 1
1577 5496 1
1416 5496 1
3222 5496 1
1486 5496 1
4646 4583 1
810 4583 1
4586 4583 1
3679 4583 1
1238 4583 1
3851 4583 1
958 4583 1
909 4583 1
1620 4583 1
1640 4583 1
2775 4583 1
1603 4583 1
4102 4583 1
2471 4583 1
4493 4583 1
2368 2803 1
3788 2803 1
4167 2803 1
2797 2803 1
230 2803 1
973 2803 1
1843 2803 1
2744 1507 1
3114 1507 1
794 1507 1
792 2673 1
3568 2673 1
587 2673 1
1217 2673 1
4128 2673 1
2980 2673 1
3878 2673 1
5149 2673 1
3370 2673 1
5362 2673 1
2588 2673 1
2692 2673 1
100 3268 1
4535 3268 1
2490 3268 1
1303 842 1
3095 3709 1
3345 3709 1
2258 3709 1
4201 1351 1
4683 1351 1
3192 1351 1
816 1351 1
1988 1351 1
4215 2147 1
2427 4360 1
5144 4360 1
4077 4360 1
4583 4360 1
927 4360 1
5417 4360 1
1924 4360 1
3799 4360 1
3292 4360 1
1023 4360 1
4527 4360 1
3855 4360 1
1529 4360 1
3694 4360 1
963 4360 1
4745 4360 1
3781 4360 1
5432 4360 1
2651 4360 1
3625 4360 1
1941 1659 1
3574 1659 1
4433 1659 1
3406 2425 1
5253 2425 1
3492 2425 1
1374 2425 1
590 2425 1
4067 2425 1
870 2425 1
5137 2425 1
5127 2425 1
518 2425 1
2146 2425 1
3953 2425 1
4749 2425 1
2761 1808 1
407 1808 1
4657 3967 1
1995 3967 1
2985 3206 1
1639 3206 1
414 3206 1
3154 845 1
4535 845 1
1827 845 1
3460 845 1
4284 845 1
4408 845 1
5083 845 1
3828 845 1
400 845 1
2360 845 1
4176 845 1
4517 845 1
1000 845 1
153 845 1
58 845 1
2005 845 1
1736 845 1
5005 845 1
1728 2714 1
415 2714 1
1908 2714 1
454 2714 1
5448 2714 1
3610 2714 1
308 2714 1
3038 2714 1
155 2714 1
1683 2721 1
5120 2721 1
5147 2721 1
3097 2721 1
1319 2721 1
1251 2721 1
2592 2721 1
1511 2721 1
5449 2721 1
4509 2721 1
2176 2721 1
5382 2721 1
4539 2721 1
1259 1805 1
3920 1805 1
2262 1587 1
2288 2817 1
4086 2817 1
704 4191 1
1822 4191 1
2117 4191 1
2650 4191 1
3931 5435 1
2232 5435 1
3889 5435 1
3452 5435 1
3515 5435 1
3571 5435 1
4698 5435 1
1279 5435 1
480 1215 1
381 1215 1
1741 862 1
5087 862 1
5267 862 1
236 862 1
5392 862 1
3933 862 1
5512 538 1
283 538 1
4021 538 1
5288 538 1
2394 538 1
469 538 1
2418 538 1
3247 538 1
5194 4792 1
2702 4189 1
670 4189 1
3118 4189 1
2949 4189 1
4243 4189 1
1044 4189 1
1341 4189 1
5563 3595 1
1931 3595 1
2342 3595 1
5056 3595 1
3816 3595 1
1331 3595 1
5569 3595 1
1032 3595 1
4638 3595 1
2607 3595 1
2702 3595 1
1197 3595 1
784 3595 1
2479 3595 1
2356 3595 1
4095 3595 1
4847 1680 1
4242 1680 1
2174 1680 1
689 1680 1
1049 1680 1
5354 918 1
3674 918 1
1112 918 1
4910 918 1
1465 918 1
5423 918 1
2618 918 1
3437 918 1
3982 918 1
281 918 1
3608 918 1
4924 918 1
3464 918 1
1747 918 1
5372 918 1
2484 918 1
1730 918 1
3472 918 1
1048 918 1
4417 918 1
2392 918 1
2509 5208 1
1734 4158 1
678 4158 1
639 4158 1
2998 4158 1
1343 4158 1
2563 4158 1
1023 4158 1
1718 4158 1
4557 4158 1
1802 4158 1
5377 4158 1
2263 4158 1
1709 4158 1
2321 4158 1
1391 4158 1
1650 4158 1
3887 4158 1
384 4158 1
23 4158 1
4212 4158 1
2491 4158 1
1067 4158 1
3399 4449 1
1729 4449 1
1143 4449 1
790 4449 1
1786 4449 1
2217 4449 1
3914 4449 1
2032 4449 1
1179 4968 1
3491 4968 1
1826 4968 1
485 4968 1
3613 4968 1
2913 4818 1
755 4818 1
1219 4818 1
2841 4818 1
4871 4818 1
896 4818 1
4973 4818 1
3786 4818 1
1846 4782 1
2130 4782 1
2926 3529 1
4289 3529 1
3976 3529 1
3161 2197 1
2628 2197 1
4083 2197 1
3490 2197 1
4387 2197 1
2569 2197 1
3979 4592 1
5135 4592 1
2595 4592 1
1326 4592 1
5549 4592 1
3127 4636 1
2193 4636 1
1065 4636 1
4997 4636 1
2595 4636 1
2193 4636 1
4072 4636 1
1240 4636 1
4557 4944 1
2915 4944 1
4037 4944 1
5023 2218 1
4070 2218 1
553 2218 1
3965 2584 1
4991 2584 1
556 4781 1
2269 4781 1
2839 4781 1
716 4781 1
1730 4781 1
1349 4754 1
4795 4754 1
5429 4754 1
631 4754 1
767 4754 1
2357 4754 1
1574 4754 1
1409 4754 1
2238 4754 1
4455 4754 1
3577 4754 1
2707 4754 1
4600 4754 1
5014 4754 1
5565 4754 1
2672 4754 1
3878 4754 1
4028 4754 1
825 4754 1
32 4754 1
5475 4754 1
4786 4754 1
4113 4754 1
4883 5554 1
3151 5554 1
4638 5554 1
1991 5554 1
3356 5554 1
3988 5554 1
5398 5554 1
4492 5554 1
2200 5554 1
3025 5554 1
2034 4494 1
5130 4494 1
525 4494 1
2597 4494 1
4695 4494 1
2228 4494 1
4994 621 1
4241 621 1
3746 1393 1
2283 1393 1
4273 1393 1
5146 1393 1
4026 1393 1
2532 1393 1
3504 1393 1
891 1393 1
3348 1393 1
1139 1380 1
2806 1380 1
184 1380 1
3276 424 1
4012 424 1
401 424 1
2438 424 1
4424 424 1
2443 4558 1
4493 4558 1
2611 4558 1
2573 4558 1
1840 4558 1
1 1562 1
2759 1562 1
5217 1562 1
4210 1562 1
1009 1562 1
2466 1562 1
5314 1562 1
1314 1562 1
4823 1562 1
4015 1562 1
630 1562 1
4998 2543 1
1128 2543 1
4384 3660 1
5343 3660 1
196 1577 1
2481 1577 1
4217 1577 1
893 1577 1
233 1577 1
1843 1577 1
1469 1577 1
2255 1577 1
1791 1577 1
952 1577 1
2552 1577 1
4919 1577 1
3721 1577 1
1988 144 1
1115 144 1
4234 144 1
431 144 1
1064 5008 1
3358 5008 1
10 4063 1
219 4063 1
3156 4063 1
3629 1539 1
5295 1539 1
3337 1539 1
5175 1539 1
1502 1654 1
718 1654 1
3915 1654 1
2934 1654 1
4113 1654 1
1223 1654 1
3905 1654 1
2075 1654 1
166 1654 1
5516 1654 1
4039 1654 1
362 1654 1
5003 1654 1
4912 1654 1
1634 1654 1
3261 1654 1
568 5225 1
4335 5225 1
4100 5225 1
4517 5195 1
4060 5195 1
5168 948 1
4378 948 1
5552 948 1
2869 948 1
5411 948 1
74 948 1
3210 948 1
2039 948 1
1393 948 1
3532 948 1
972 3967 1
2802 3967 1
3645 3967 1
2601 3967 1
5169 3967 1
3410 3967 1
234 5393 1
3631 5393 1
3801 5393 1
3627 5393 1
3274 60 1
3398 60 1
3256 60 1
5386 60 1
2111 60 1
5562 60 1
1208 60 1
4927 3267 1
633 3267 1
3756 3267 1
4248 3267 1
4927 3267 1
3042 3267 1
4222 3267 1
3134 3267 1
1239 3267 1
3291 3267 1
5419 3267 1
2398 3267 1
2989 3267 1
60 3267 1
1267 3267 1
3381 3267 1
4573 3267 1
831 3267 1
2819 3267 1
5582 3267 1
181 3267 1
4630 419 1
2707 419 1
4743 419 1
5342 5326 1
514 5326 1
4939 5326 1
1232 344 1
1662 344 1
410 344 1
1768 344 1
1841 344 1
469 344 1
3133 3682 1
1031 3682 1
705 3682 1
891 3682 1
3182 3682 1
3967 3682 1
1862 3682 1
2650 3682 1
3538 3682 1
4777 3682 1
3790 594 1
4602 594 1
4444 594 1
3054 594 1
3166 1106 1
4239 1106 1
5352 1106 1
4398 1106 1
628 1106 1
1664 1106 1
275 1106 1
857 1106 1
1987 1106 1
2104 1106 1
4828 4342 1
1145 4342 1
5174 4965 1
3918 4965 1
2868 4965 1
4191 4965 1
1176 4965 1
2726 4965 1
787 3509 1
4899 3509 1
2340 3509 1
1045 4045 1
3726 4045 1
1299 4045 1
3118 4045 1
1941 530 1
4014 1967 1
233 1967 1
3611 1967 1
5050 1967 1
4288 1967 1
1822 1967 1
4770 1967 1
3734 1967 1
5582 1967 1
1175 1967 1
756 1967 1
5312 1967 1
2020 1967 1
3229 1967 1
4646 1967 1
2057 5503 1
569 5503 1
3720 5503 1
5138 5503 1
4487 2217 1
2650 2217 1
238 2217 1
4678 2217 1
4457 2217 1
1798 2217 1
4248 2217 1
1644 3064 1
4847 3064 1
1702 3064 1
4723 3064 1
1725 3064 1
611 3064 1
1366 3064 1
1351 3064 1
3543 3064 1
2951 3064 1
2209 3064 1
2050 3064 1
2634 3064 1
2258 3064 1
5501 3064 1
2739 3064 1
72 3064 1
151 3064 1
4108 3064 1
3547 3064 1
2642 3064 1
4088 3064 1
4039 3064 1
1107 3064 1
3028 3064 1
400 3064 1
3979 3064 1
3134 3064 1
4763 3064 1
3959 3064 1
2093 3064 1
3830 3064 1
3353 4581 1
2927 4581 1
1405 4581 1
1432 4581 1
756 4581 1
4445 4581 1
1247 4581 1
2514 4581 1
4275 4581 1
4494 4581 1
3749 4581 1
3677 4581 1
341 1271 1
2169 1271 1
3029 1271 1
5261 1271 1
4855 2465 1
2039 519 1
942 519 1
3874 519 1
4626 163 1
3513 163 1
5169 163 1
481 4166 1
3053 4166 1
4942 4166 1
2039 4166 1
1325 4166 1
2416 4166 1
5465 4166 1
336 4166 1
2102 4166 1
991 4166 1
1048 4166 1
5575 4166 1
5012 4166 1
207 4166 1
1189 4166 1
5016 4166 1
3035 1139 1
671 1139 1
2844 1139 1
1344 1139 1
4204 1139 1
1498 1139 1
4545 2889 1
1383 110 1
2622 110 1
2841 2346 1
3678 2346 1
3574 2346 1
1261 2346 1
4937 2346 1
2369 2346 1
3281 2346 1
2926 1645 1
4696 1645 1
2672 2515 1
5525 2515 1
3453 2515 1
4499 2515 1
963 3410 1
2282 3388 1
143 3388 1
5572 3388 1
2812 3438 1
592 3438 1
1132 3438 1
3011 3438 1
4352 3438 1
1313 3438 1
2050 3438 1
203 3438 1
5118 3438 1
3639 3438 1
2193 3438 1
3775 3438 1
3056 4416 1
1424 4416 1
4359 4416 1
820 4416 1
994 4416 1
4550 4416 1
419 4416 1
1822 2527 1
1606 2527 1
4171 2527 1
1020 2527 1
940 2527 1
2628 2527 1
3009 2527 1
1515 3857 1
2680 3857 1
4283 3857 1
1593 3857 1
2548 3412 1
905 3412 1
2107 328 1
4856 328 1
1297 328 1
248 328 1
489 2178 1
1844 2178 1
3335 2178 1
3983 2178 1
2578 2178 1
4954 2178 1
2078 2178 1
895 2178 1
1104 2178 1
3988 2178 1
710 2178 1
54 2178 1
5072 2178 1
5153 2178 1
2414 2178 1
4043 2178 1
1596 2178 1
1734 2178 1
409 2178 1
2729 2178 1
482 2178 1
3903 4239 1
3401 5257 1
3148 5257 1
4739 5257 1
2542 5257 1
3098 5257 1
1568 5257 1
2517 5257 1
1819 4686 1
2780 4686 1
3797 4686 1
3308 1135 1
122 1135 1
3245 1135 1
1493 1135 1
2551 1135 1
5013 1135 1
1631 1135 1
1165 134 1
3710 4523 1
2503 4523 1
6 4523 1
3580 4523 1
1022 4523 1
4292 4523 1
3480 4523 1
3603 4523 1
3659 4523 1
4075 4523 1
2475 4523 1
4546 4523 1
2398 4523 1
5130 4653 1
4144 4653 1
5152 4653 1
5275 1538 1
24 1538 1
455 864 1
601 864 1
1570 864 1
3595 864 1
1399 4031 1
414 4031 1
5545 4031 1
4520 5447 1
70 5447 1
3310 1525 1
1587 1525 1
3643 1525 1
4078 1525 1
4889 1525 1
2908 1525 1
1372 1525 1
250 1525 1
1165 1525 1
244 1525 1
397 1525 1
5143 1525 1
1222 1525 1
5359 1525 1
4928 1525 1
370 1525 1
2369 1525 1
4223 1525 1
707 1525 1
112 1525 1
2580 1525 1
31 1620 1
5036 1620 1
4151 1620 1
5380 1620 1
2614 4795 1
2852 4795 1
2588 4795 1
1992 4795 1
3042 4795 1
4575 4795 1
48 4795 1
5282 3038 1
238 3038 1
3190 3038 1
1857 4950 1
4692 4950 1
3657 4950 1
712 4950 1
3417 1276 1
1025 1276 1
5121 4356 1
583 4356 1
4582 4356 1
5563 4356 1
1370 4356 1
4221 4356 1
4486 727 1
5306 727 1
989 727 1
2457 727 1
2025 727 1
1607 727 1
4362 727 1
5244 727 1
4249 727 1
2357 727 1
1545 727 1
3992 727 1
177 727 1
2281 727 1
4720 5383 1
852 4686 1
3416 4686 1
4221 4686 1
2714 4686 1
3666 4686 1
914 4686 1
721 2082 1
124 2082 1
5360 2082 1
369 1822 1
3077 1822 1
3925 1822 1
487 1822 1
3460 2765 1
2810 2765 1
484 2765 1
2740 2765 1
1624 2765 1
5309 2765 1
16 2765 1
4275 2765 1
1160 2765 1
486 4883 1
414 5209 1
432 5209 1
3497 861 1
4788 861 1
1759 861 1
4828 5025 1
1519 235 1
4659 235 1
2507 235 1
4088 235 1
3404 235 1
4114 1541 1
808 1541 1
487 1541 1
766 1541 1
3727 1541 1
390 3183 1
4966 3183 1
745 3183 1
3302 3183 1
742 3183 1
4569 3183 1
767 3183 1
4392 3183 1
2931 3183 1
5466 3183 1
3099 3183 1
2299 3183 1
2618 3183 1
3971 3183 1
14 3183 1
4242 3183 1
4161 3183 1
2020 3183 1
4595 3183 1
2429 1135 1
2553 1135 1
1848 1135 1
1829 1135 1
5059 5367 1
113 4566 1
849 4566 1
282 4566 1
545 372 1
1700 372 1
841 372 1
2858 372 1
759 372 1
1541 372 1
3708 372 1
2499 372 1
2738 372 1
3047 372 1
1919 372 1
700 372 1
460 372 1
4536 1523 1
346 1523 1
5034 1523 1
440 1523 1
1763 1523 1
931 1523 1
2162 1523 1
1803 1523 1
1799 1523 1
2527 1523 1
284 1523 1
1371 720 1
3933 720 1
2091 720 1
2337 720 1
5232 720 1
3524 720 1
3214 4001 1
3412 4001 1
885 4001 1
2478 4001 1
606 4001 1
2557 4001 1
5397 4001 1
3782 4001 1
5176 4001 1
1721 4001 1
3922 4639 1
4347 4639 1
4733 4639 1
5444 4639 1
4722 116 1
3284 116 1
4204 1808 1
2906 2327 1
2147 2327 1
1256 2327 1
4565 2327 1
3769 1953 1
1028 1953 1
3624 1953 1
282 5059 1
1637 5059 1
5411 5059 1
886 5059 1
634 2191 1
355 2191 1
5179 4925 1
1652 4925 1
3758 4925 1
4254 4925 1
1381 3830 1
2434 3830 1
1130 3830 1
2109 3185 1
1546 3185 1
589 3185 1
1636 3185 1
400 3185 1
4475 2115 1
742 2115 1
2486 5061 1
1116 5061 1
2360 5061 1
2500 5061 1
125 5061 1
5378 5061 1
282 5061 1
5036 5061 1
1050 2522 1
1373 2522 1
813 2522 1
3251 2522 1
5168 2522 1
3977 4109 1
595 1920 1
4377 1920 1
2660 1920 1
4120 4978 1
1165 4978 1
1498 4978 1
2644 4978 1
152 4978 1
4825 4978 1
5263 4978 1
916 4978 1
4401 4978 1
2614 4978 1
3943 4254 1
136 4254 1
2064 4254 1
3415 4254 1
3730 4254 1
5278 2721 1
2535 2721 1
1618 2721 1
5304 2721 1
3144 2721 1
3435 5584 1
3457 5584 1
3117 5584 1
3323 5584 1
651 5584 1
3991 5584 1
2237 4816 1
4174 4816 1
4778 4126 1
2369 4126 1
1463 4126 1
2235 4126 1
5458 4126 1
4916 2171 1
391 2171 1
1169 2171 1
2452 2171 1
2825 2171 1
5574 2171 1
5433 2171 1
335 2171 1
3755 2171 1
1192 2171 1
2556 2171 1
5099 2171 1
4662 2171 1
1221 2171 1
1279 2171 1
1364 2171 1
1298 2171 1
1144 2171 1
2105 2171 1
4962 2171 1
3654 2171 1
2849 2171 1
1806 2171 1
3393 2171 1
5392 2171 1
5552 2171 1
890 2171 1
2696 2171 1
678 2171 1
1892 2171 1
618 1881 1
86 1881 1
4946 1881 1
4014 1881 1
1214 4944 1
2828 5199 1
2346 5199 1
1832 5199 1
3299 5199 1
2890 2252 1
692 2252 1
3893 2252 1
2210 2252 1
4602 2252 1
1663 2252 1
693 2252 1
1738 2252 1
4441 2252 1
3522 2252 1
2448 2252 1
206 2252 1
3662 2252 1
357 2252 1
1499 3617 1
1764 3617 1
2767 3617 1
2804 3617 1
5364 3617 1
2033 3617 1
2128 3617 1
3715 3617 1
4349 3617 1
2272 4961 1
5434 4961 1
5231 4961 1
5403 4961 1
4975 4961 1
3313 4961 1
5437 4961 1
2469 4961 1
1557 4961 1
3066 4961 1
5067 4961 1
5479 4961 1
162 47 1
353 47 1
2580 894 1
866 894 1
3043 894 1
2605 894 1
1221 894 1
3398 1439 1
2416 1439 1
1554 1439 1
4700 1439 1
3399 1439 1
1293 1439 1
647 1439 1
500 1439 1
2278 1439 1
5318 1439 1
3809 1439 1
1787 1439 1
2515 1439 1
2504 1439 1
3163 1439 1
1774 4099 1
2392 4099 1
4366 4099 1
1014 4099 1
4932 4099 1
2341 4099 1
2387 4099 1
359 4099 1
2037 4099 1
4220 4099 1
379 4099 1
2717 4099 1
1240 4099 1
2315 4099 1
4774 4099 1
5091 4099 1
4562 4099 1
5356 4099 1
4364 4099 1
1820 4099 1
2110 4099 1
3663 4099 1
1093 4099 1
3581 4099 1
2604 4099 1
1647 4099 1
4703 4099 1
2137 4099 1
764 4099 1
1673 4099 1
2457 4099 1
2389 186 1
2620 186 1
4770 186 1
5144 776 1
547 3488 1
2966 3488 1
3038 3488 1
2286 1174 1
2193 1174 1
649 1174 1
303 1174 1
3339 1174 1
2163 1174 1
1704 1174 1
574 1174 1
53 1513 1
2032 1513 1
4320 1513 1
2100 1513 1
2376 1513 1
3773 836 1
5503 836 1
1089 836 1
3927 3145 1
5318 462 1
2565 462 1
2813 462 1
5191 462 1
1926 2438 1
5455 2438 1
579 2438 1
636 2438 1
4710 2438 1
99 2438 1
5081 2438 1
3637 2438 1
4881 2438 1
5095 2438 1
2604 2438 1
4245 2438 1
1378 4132 1
858 4132 1
3236 4132 1
4972 3593 1
4967 3593 1
1789 3593 1
2008 3593 1
52 3593 1
2724 5315 1
3094 5315 1
1700 5315 1
5503 5315 1
977 5315 1
3565 5315 1
3228 5315 1
4797 5315 1
3059 5315 1
5132 5315 1
1572 5315 1
5402 5315 1
1991 1677 1
269 1677 1
1854 1677 1
494 1677 1
4904 3831 1
5410 3831 1
794 3831 1
2652 644 1
1286 644 1
860 644 1
406 623 1
2571 1248 1
2041 1248 1
3435 1248 1
1882 1248 1
27 1248 1
1936 1248 1
3272 1248 1
2608 4653 1
4852 4653 1
4935 4653 1
2833 4653 1
4905 4653 1
3917 3583 1
3045 2985 1
3698 623 1
196 623 1
4348 623 1
813 623 1
2536 3957 1
2086 3957 1
1947 4212 1
4843 4212 1
4113 5354 1
425 5354 1
4653 5354 1
2872 5354 1
1550 5215 1
4490 5215 1
4982 5215 1
4461 5215 1
1747 5215 1
4292 5215 1
451 5215 1
5066 5215 1
1613 5215 1
3080 5215 1
593 5215 1
2639 5215 1
4437 5039 1
4127 5039 1
3565 5039 1
5541 5039 1
224 5039 1
1622 5039 1
3149 5039 1
2725 5039 1
2659 5039 1
4433 5039 1
3047 5039 1
4958 5039 1
1469 1161 1
4868 1161 1
916 1161 1
2466 3341 1
2617 3341 1
2557 1402 1
916 1402 1
1112 1402 1
1416 1402 1
5526 1402 1
3594 1402 1
1262 3283 1
5494 3283 1
1728 3283 1
4676 3283 1
2413 595 1
1333 595 1
5092 595 1
1284 3210 1
109 3210 1
3799 3210 1
5329 3210 1
1001 3210 1
60 3210 1
658 3210 1
1927 168 1
2354 168 1
4475 168 1
1496 168 1
5239 168 1
5006 168 1
1308 168 1
855 168 1
2820 168 1
2783 3054 1
5218 3054 1
5448 3054 1
2162 4796 1
4955 4796 1
5222 4796 1
1855 149 1
2324 149 1
1123 149 1
5303 149 1
4889 4600 1
3749 4600 1
2914 4600 1
1812 4600 1
3456 4600 1
3147 4600 1
3104 121 1
2750 121 1
4438 121 1
1639 121 1
2589 121 1
1044 121 1
1025 121 1
1507 121 1
4534 121 1
2280 121 1
2226 121 1
4208 121 1
1890 121 1
4047 121 1
5303 121 1
1481 121 1
2483 121 1
731 121 1
66 121 1
1695 121 1
4469 121 1
350 121 1
2973 121 1
5182 3345 1
2875 3345 1
5468 3345 1
142 3345 1
3414 3334 1
1599 3334 1
1248 3334 1
1987 3334 1
3961 3334 1
4086 3334 1
3428 3334 1
3428 3334 1
2355 3334 1
877 3334 1
685 3334 1
2145 3634 1
2916 3634 1
3756 3634 1
5535 3634 1
628 3634 1
2536 3634 1
4262 3634 1
2998 3634 1
3019 3634 1
3651 3634 1
2011 3634 1
444 3634 1
2733 3634 1
2607 3634 1
5454 3634 1
2858 3634 1
941 3634 1
2011 3634 1
5210 3634 1
3822 3634 1
2653 3634 1
1874 3634 1
4154 3634 1
5365 3634 1
3308 3634 1
3683 3634 1
2596 3634 1
4705 3634 1
658 3634 1
3864 3634 1
3872 3634 1
5538 3634 1
1041 3634 1
855 3634 1
2972 3634 1
2256 3634 1
1092 3634 1
1608 3634 1
238 3634 1
2306 953 1
5111 953 1
4126 953 1
1656 953 1
3334 953 1
333 953 1
2406 953 1
3899 953 1
236 953 1
4685 953 1
4293 953 1
4617 953 1
5060 953 1
1058 953 1
5044 5352 1
2177 5352 1
2851 5352 1
1123 3081 1
3355 3081 1
3941 3081 1
3436 3081 1
2313 3081 1
2595 3081 1
4671 1746 1
5485 1746 1
4848 1746 1
4331 1746 1
2824 1746 1
3689 2259 1
2302 2259 1
2595 2259 1
4033 2259 1
1069 2259 1
2113 3054 1
4704 3054 1
3302 3054 1
2 3054 1
692 2815 1
4762 2815 1
1679 2815 1
3052 2815 1
1219 2815 1
2357 2815 1
2123 2815 1
392 2815 1
4181 2815 1
2163 2815 1
4098 2815 1
3573 2815 1
98 2815 1
1910 1053 1
91 1053 1
3402 1053 1
3658 1053 1
4680 1053 1
3427 1556 1
4308 1556 1
794 1556 1
141 1556 1
1571 1509 1
2991 1509 1
1528 1509 1
1165 3649 1
73 3649 1
2249 3649 1
4683 3649 1
189 393 1
5076 393 1
4006 393 1
652 393 1
836 393 1
2876 1733 1
4126 1733 1
2567 1733 1
1772 338 1
3936 338 1
493 338 1
1493 338 1
3105 338 1
1834 338 1
4198 338 1
966 338 1
1863 5543 1
1364 5543 1
3280 5543 1
121 5543 1
1196 2341 1
594 2341 1
3811 2341 1
4266 5586 1
3218 5586 1
3877 3327 1
1753 3327 1
3918 3327 1
449 3327 1
4897 3327 1
4471 3327 1
1592 3327 1
4888 3327 1
2046 3327 1
3373 3327 1
2796 3327 1
300 3327 1
4547 3327 1
2580 3327 1
1584 3327 1
2442 3327 1
1110 3327 1
2863 3327 1
3452 3327 1
2025 4040 1
4419 4040 1
305 4040 1
655 4040 1
2725 4040 1
4214 3534 1
4607 3534 1
5037 3534 1
2242 3534 1
281 3534 1
1788 3534 1
301 3534 1
5003 3534 1
4609 3534 1
2108 3534 1
1869 3534 1
528 3534 1
2176 3534 1
2247 3534 1
3739 2197 1
4125 4239 1
5242 4239 1
4592 4239 1
4232 4239 1
3531 4239 1
3430 4239 1
1229 4239 1
5362 4239 1
4762 4239 1
4916 368 1
3661 5544 1
2063 5544 1
5030 5544 1
5533 5544 1
3212 5544 1
1774 5544 1
4218 5544 1
917 5544 1
3354 788 1
1478 788 1
1836 788 1
3871 2819 1
1256 2819 1
2807 2819 1
1225 2819 1
3298 635 1
3289 635 1
5220 635 1
3438 635 1
1648 635 1
2056 635 1
3511 635 1
1033 635 1
602 635 1
2646 4789 1
578 4789 1
762 4789 1
395 4789 1
1522 4789 1
2646 4789 1
4530 4789 1
841 4789 1
4056 4789 1
3728 4789 1
3947 4992 1
5160 1162 1
713 1162 1
2779 1162 1
5301 1162 1
281 1162 1
1153 1162 1
325 1162 1
5170 1162 1
4791 1162 1
82 1162 1
2930 1162 1
3602 1162 1
10 1162 1
2426 1162 1
3680 1162 1
4028 1162 1
1218 1162 1
1684 1162 1
1755 1162 1
3102 1162 1
2584 1162 1
941 1162 1
3228 5556 1
4249 5556 1
5583 5556 1
196 5556 1
2146 5556 1
560 5556 1
1185 5556 1
1217 5556 1
589 5556 1
3143 5556 1
3598 5556 1
4143 5556 1
4738 5556 1
1763 5556 1
4235 379 1
3932 379 1
4316 379 1
2041 379 1
5512 4073 1
1595 2558 1
4026 2558 1
4683 2558 1
2962 2558 1
1539 2558 1
2201 2017 1
2098 2017 1
2312 2017 1
937 2017 1
5273 2017 1
2443 2017 1
4790 2017 1
4494 2017 1
2234 2017 1
2506 2017 1
688 2017 1
995 2017 1
3796 4821 1
4076 4821 1
1278 1584 1
1167 1584 1
3223 4057 1
2800 4057 1
1440 4057 1
568 4057 1
635 4057 1
1652 4057 1
272 4057 1
5499 4181 1
4503 4181 1
3701 4181 1
4557 1282 1
612 1282 1
848 1282 1
4038 1282 1
2925 1282 1
3379 5286 1
1007 1007 1
3352 4327 1
2510 4327 1
1786 4327 1
515 2100 1
4162 2100 1
1352 2100 1
2902 2100 1
1760 2100 1
2121 2100 1
1562 3728 1
3323 2801 1
4891 2801 1
3579 5165 1
4578 5165 1
2058 5165 1
4652 5165 1
1321 5165 1
2474 5165 1
3446 5165 1
1219 5165 1
741 5165 1
5148 5165 1
581 5165 1
3154 5165 1
79 5165 1
4461 5165 1
4042 5165 1
3374 5165 1
1752 3485 1
2665 3485 1
3595 3485 1
5136 3485 1
4798 3485 1
430 3485 1
521 3485 1
2116 3485 1
1319 3485 1
4937 2654 1
3790 2654 1
2966 2654 1
672 2654 1
1094 2654 1
2392 2654 1
1201 1999 1
4629 1999 1
4700 1999 1
4275 1999 1
796 1999 1
2641 1999 1
2400 1999 1
5050 1999 1
2712 1999 1
4187 1999 1
4195 1999 1
4595 2371 1
4430 5337 1
5119 5337 1
2967 5337 1
3757 5337 1
3401 5337 1
4504 5337 1
3272 5337 1
74 4377 1
1195 4377 1
4695 4377 1
4323 4377 1
4595 5073 1
1770 5073 1
2290 3823 1
3256 3823 1
1875 3823 1
285 3823 1
2396 4180 1
4551 4180 1
5014 4180 1
1602 4180 1
2829 4180 1
1599 4180 1
1396 4180 1
2647 4180 1
5432 908 1
4678 908 1
5448 908 1
2308 908 1
1402 908 1
2872 908 1
5382 908 1
480 908 1
2929 908 1
4457 908 1
264 908 1
4526 908 1
1781 908 1
3635 908 1
631 908 1
5231 908 1
583 908 1
1269 908 1
1492 908 1
4327 908 1
1033 908 1
1043 908 1
1684 908 1
3784 908 1
3914 908 1
1361 908 1
4929 908 1
3900 908 1
381 908 1
531 908 1
3620 908 1
508 908 1
2324 908 1
184 908 1
1710 908 1
3095 908 1
5023 908 1
2590 908 1
5393 908 1
210 908 1
787 908 1
1775 908 1
2803 908 1
2050 908 1
3298 908 1
3461 908 1
1116 908 1
5444 908 1
2267 908 1
1271 908 1
5025 908 1
5519 908 1
574 144 1
1396 144 1
4880 144 1
894 144 1
1207 144 1
3667 144 1
2718 144 1
385 144 1
4015 144 1
2730 144 1
4847 144 1
600 144 1
792 144 1
875 144 1
2251 144 1
5451 144 1
3434 144 1
16 144 1
1187 2941 1
5016 2941 1
742 2941 1
2872 2941 1
2942 2941 1
781 2941 1
1420 2941 1
1631 2941 1
196 2941 1
4229 3100 1
868 3100 1
3204 3100 1
974 3100 1
3557 3126 1
2262 3126 1
5166 3126 1
3403 3126 1
2684 3126 1
5204 3126 1
3462 3126 1
1890 3126 1
4394 3126 1
1586 3126 1
261 3126 1
3465 3126 1
3109 1733 1
650 1733 1
2083 1733 1
2604 1733 1
2399 1733 1
1884 1733 1
4583 1733 1
2271 3851 1
2218 3851 1
3821 3851 1
496 3851 1
4719 3851 1
3384 3851 1
4018 3851 1
4597 4925 1
22 4925 1
4054 4925 1
4348 1545 1
2077 1545 1
4576 1545 1
4496 1545 1
311 1545 1
794 1545 1
2097 1545 1
759 1545 1
3409 1545 1
731 1545 1
1663 1545 1
2703 1545 1
4340 1545 1
2531 1545 1
3660 1545 1
4797 1545 1
1243 1545 1
1760 1545 1
1565 1545 1
488 1545 1
3219 1545 1
1730 1545 1
1150 1545 1
1569 1545 1
86 1545 1
2881 1545 1
840 1545 1
2269 1545 1
1301 1545 1
3457 1545 1
904 1545 1
963 1545 1
3901 1545 1
391 1545 1
4139 1545 1
4605 1545 1
5491 1545 1
663 1545 1
5380 5040 1
2228 5040 1
2752 5040 1
4589 5040 1
22 5040 1
2050 5040 1
3664 5040 1
686 5040 1
569 5040 1
567 5040 1
1987 3438 1
2517 4895 1
3182 4895 1
3809 4895 1
2505 4217 1
3978 4217 1
2188 4217 1
4463 4217 1
5235 4217 1
20 4217 1
1859 4217 1
1217 4217 1
5369 4217 1
5407 4217 1
998 4217 1
3379 4217 1
3260 4217 1
4636 4217 1
2041 4217 1
5390 4217 1
1446 4217 1
899 4217 1
2223 4217 1
2670 4217 1
5179 4217 1
3901 4217 1
5157 4217 1
4977 4217 1
4677 4649 1
1948 4649 1
3605 4649 1
64 4649 1
3984 4649 1
1832 4649 1
1779 1501 1
3664 1501 1
762 1501 1
2731 1844 1
4566 1844 1
3813 1844 1
3181 4854 1
2694 4854 1
1076 4854 1
3293 4854 1
2664 1490 1
2363 2083 1
1408 2083 1
1278 2083 1
3607 2083 1
2473 2083 1
5302 3525 1
3171 3525 1
2324 3525 1
4271 3525 1
4866 3525 1
5080 470 1
3630 470 1
4360 470 1
4653 470 1
4099 470 1
4630 1237 1
3327 5542 1
5038 5542 1
1434 5542 1
3234 1287 1
1460 1287 1
2146 1287 1
5187 1287 1
1365 1287 1
4527 1287 1
1865 1287 1
1987 1287 1
4944 1287 1
4304 1287 1
1659 88 1
1967 88 1
5091 88 1
3003 88 1
1148 3876 1
3184 3876 1
4206 3876 1
4120 479 1
3581 479 1
3684 479 1
217 479 1
3323 1130 1
3073 1130 1
3151 1130 1
1612 1130 1
3712 1130 1
2644 4505 1
314 4505 1
3429 4505 1
3547 4523 1
2747 4523 1
2120 3163 1
3980 3163 1
73 3163 1
2941 3163 1
4878 3163 1
1027 3163 1
4331 3163 1
512 3163 1
3796 3163 1
4085 3163 1
4461 3163 1
4988 3163 1
4921 3163 1
242 3163 1
4488 3163 1
2975 3163 1
1659 3163 1
2748 3163 1
1417 3163 1
937 3163 1
320 3163 1
4906 3163 1
2425 3163 1
2814 3163 1
2632 3163 1
5363 3163 1
3978 3163 1
2102 3163 1
4290 3163 1
406 3163 1
3134 3163 1
819 3163 1
1533 3163 1
1841 3163 1
715 3163 1
685 3163 1
2084 3163 1
271 5317 1
4301 5317 1
3930 4561 1
1349 1427 1
2491 4651 1
3091 4651 1
3569 4651 1
4102 1905 1
1906 1905 1
4004 1905 1
134 1905 1
2653 5270 1
4643 5270 1
4087 5270 1
3101 5270 1
6 5270 1
5343 2923 1
973 2923 1
5404 2923 1
3817 2923 1
5102 2923 1
3767 2923 1
4647 2923 1
1292 2540 1
3630 2540 1
3976 32 1
5554 32 1
2925 32 1
3721 4993 1
1757 4993 1
4877 4993 1
4444 1631 1
4418 2055 1
3905 2055 1
503 2055 1
1108 2055 1
2626 4204 1
579 4204 1
3861 4204 1
495 4204 1
2698 4204 1
2125 4204 1
4332 4204 1
837 3858 1
1282 3858 1
1278 3858 1
1492 3858 1
1060 3858 1
1531 3858 1
4571 3858 1
239 3858 1
3289 3858 1
4109 3016 1
4384 3016 1
592 3016 1
1312 3016 1
1423 3016 1
5165 3016 1
5141 3016 1
1099 3016 1
5465 3016 1
40 3016 1
709 2205 1
2775 2205 1
2220 2205 1
100 2042 1
4547 3325 1
3170 3325 1
3962 3325 1
4494 3325 1
3354 3325 1
3169 3325 1
2732 3325 1
1425 3325 1
2312 3325 1
2150 379 1
1702 379 1
4308 379 1
3834 379 1
5067 379 1
4536 379 1
3617 1527 1
2642 1527 1
5407 1527 1
3207 3460 1
2105 3460 1
1459 4147 1
1581 2571 1
3639 2571 1
1750 2571 1
2904 2571 1
1165 2571 1
